1.142094e-03 -4.881090e-03
9.338610e-04 -4.881133e-03
1.142094e-03 -4.646723e-03
7.261498e-04 -4.881176e-03
9.338627e-04 -4.646851e-03
1.142095e-03 -4.413041e-03
5.189601e-04 -4.881218e-03
7.261526e-04 -4.646979e-03
9.338644e-04 -4.413256e-03
1.142095e-03 -4.180050e-03
3.117705e-04 -4.881261e-03
5.189642e-04 -4.647107e-03
7.261555e-04 -4.413469e-03
9.338660e-04 -4.180350e-03
1.142096e-03 -3.947447e-03
1.045808e-04 -4.881304e-03
3.117758e-04 -4.647235e-03
5.189683e-04 -4.413683e-03
7.261583e-04 -4.180650e-03
9.338678e-04 -3.947835e-03
1.142097e-03 -3.715199e-03
-1.026089e-04 -4.881346e-03
1.045874e-04 -4.647363e-03
3.117812e-04 -4.413896e-03
5.189724e-04 -4.180949e-03
7.261613e-04 -3.948222e-03
9.338695e-04 -3.715674e-03
1.142097e-03 -3.482950e-03
-3.097985e-04 -4.881389e-03
-1.026010e-04 -4.647491e-03
1.045940e-04 -4.414109e-03
3.117865e-04 -4.181248e-03
5.189766e-04 -3.948607e-03
7.261641e-04 -3.716148e-03
9.338711e-04 -3.483513e-03
1.142097e-03 -3.250700e-03
-5.174633e-04 -4.881432e-03
-3.097895e-04 -4.647619e-03
-1.025932e-04 -4.414323e-03
1.046005e-04 -4.181547e-03
3.117919e-04 -3.948993e-03
5.189806e-04 -3.716621e-03
7.261669e-04 -3.484075e-03
9.338723e-04 -3.251348e-03
1.142096e-03 -3.018443e-03
-7.256034e-04 -4.881474e-03
-5.174536e-04 -4.647747e-03
-3.097804e-04 -4.414536e-03
-1.025854e-04 -4.181846e-03
1.046072e-04 -3.949378e-03
3.117972e-04 -3.717094e-03
5.189847e-04 -3.484635e-03
7.261693e-04 -3.251995e-03
9.338722e-04 -3.019161e-03
1.142095e-03 -2.786173e-03
-9.357023e-04 -4.881517e-03
-7.255936e-04 -4.647875e-03
-5.174439e-04 -4.414750e-03
-3.097713e-04 -4.182145e-03
-1.025775e-04 -3.949764e-03
1.046137e-04 -3.717567e-03
3.118025e-04 -3.485195e-03
5.189883e-04 -3.252640e-03
7.261703e-04 -3.019878e-03
9.338718e-04 -2.786936e-03
1.142088e-03 -2.553873e-03
-1.147761e-03 -4.881561e-03
-9.356950e-04 -4.648004e-03
-7.255838e-04 -4.414964e-03
-5.174342e-04 -4.182445e-03
-3.097622e-04 -3.950150e-03
-1.025698e-04 -3.718040e-03
1.046202e-04 -3.485755e-03
3.118073e-04 -3.253284e-03
5.189906e-04 -3.020592e-03
7.261711e-04 -2.787697e-03
9.338666e-04 -2.554621e-03
1.142087e-03 -2.321543e-03
-1.147758e-03 -4.648135e-03
-9.356876e-04 -4.415180e-03
-7.255741e-04 -4.182745e-03
-5.174244e-04 -3.950536e-03
-3.097532e-04 -3.718513e-03
-1.025620e-04 -3.486315e-03
1.046263e-04 -3.253929e-03
3.118108e-04 -3.021307e-03
5.189926e-04 -2.788455e-03
7.261671e-04 -2.555367e-03
9.338661e-04 -2.322216e-03
1.142082e-03 -2.089187e-03
-1.147756e-03 -4.415398e-03
-9.356803e-04 -4.183048e-03
-7.255643e-04 -3.950923e-03
-5.174148e-04 -3.718986e-03
-3.097443e-04 -3.486876e-03
-1.025547e-04 -3.254574e-03
1.046310e-04 -3.022021e-03
3.118141e-04 -2.789214e-03
5.189899e-04 -2.556111e-03
7.261679e-04 -2.322887e-03
9.338621e-04 -2.089733e-03
1.142084e-03 -1.856820e-03
-1.147753e-03 -4.183354e-03
-9.356728e-04 -3.951314e-03
-7.255546e-04 -3.719461e-03
-5.174052e-04 -3.487437e-03
-3.097357e-04 -3.255219e-03
-1.025487e-04 -3.022736e-03
1.046356e-04 -2.789973e-03
3.118126e-04 -2.556855e-03
5.189918e-04 -2.323556e-03
7.261651e-04 -2.090278e-03
9.338659e-04 -1.857216e-03
1.142090e-03 -1.624475e-03
-1.147751e-03 -3.951709e-03
-9.356655e-04 -3.719941e-03
-7.255449e-04 -3.488000e-03
-5.173960e-04 -3.255865e-03
-3.097285e-04 -3.023451e-03
-1.025430e-04 -2.790732e-03
1.046353e-04 -2.557599e-03
3.118158e-04 -2.324225e-03
5.189904e-04 -2.090821e-03
7.261701e-04 -1.857611e-03
9.338722e-04 -1.624767e-03
1.142093e-03 -1.392157e-03
-1.147748e-03 -3.720425e-03
-9.356582e-04 -3.488567e-03
-7.255356e-04 -3.256512e-03
-5.173882e-04 -3.024167e-03
-3.097215e-04 -2.791491e-03
-1.025420e-04 -2.558343e-03
1.046397e-04 -2.324895e-03
3.118156e-04 -2.091364e-03
5.189965e-04 -1.858005e-03
7.261775e-04 -1.625058e-03
9.338772e-04 -1.392398e-03
-1.147746e-03 -3.489141e-03
-9.356514e-04 -3.257166e-03
-7.255277e-04 -3.024885e-03
-5.173805e-04 -2.792252e-03
-3.097193e-04 -2.559087e-03
-1.025363e-04 -2.325564e-03
1.046408e-04 -2.091907e-03
3.118230e-04 -1.858399e-03
5.190052e-04 -1.625348e-03
7.261836e-04 -1.392638e-03
-1.147744e-03 -3.257826e-03
-9.356460e-04 -3.025609e-03
-7.255201e-04 -2.793014e-03
-5.173778e-04 -2.559832e-03
-3.097124e-04 -2.326233e-03
-1.025340e-04 -2.092451e-03
1.046494e-04 -1.858793e-03
3.118328e-04 -1.625638e-03
5.190125e-04 -1.392877e-03
7.261922e-04 -1.160370e-03
-1.147743e-03 -3.026341e-03
-9.356408e-04 -2.793783e-03
-7.255172e-04 -2.560580e-03
-5.173702e-04 -2.326904e-03
-3.097089e-04 -2.092994e-03
-1.025241e-04 -1.859188e-03
1.046605e-04 -1.625928e-03
3.118414e-04 -1.393116e-03
5.190223e-04 -1.160620e-03
-1.147743e-03 -2.794560e-03
-9.356406e-04 -2.561334e-03
-7.255095e-04 -2.327576e-03
-5.173660e-04 -2.093538e-03
-3.096977e-04 -1.859582e-03
-1.025118e-04 -1.626219e-03
1.046704e-04 -1.393355e-03
3.118525e-04 -1.160869e-03
-1.147748e-03 -2.562095e-03
-9.356354e-04 -2.328255e-03
-7.255053e-04 -2.094084e-03
-5.173542e-04 -1.859977e-03
-3.096841e-04 -1.626509e-03
-1.025007e-04 -1.393595e-03
1.046826e-04 -1.161118e-03
-1.147747e-03 -2.328940e-03
-9.356338e-04 -2.094634e-03
-7.254934e-04 -1.860372e-03
-5.173399e-04 -1.626799e-03
-3.096718e-04 -1.393834e-03
-1.024872e-04 -1.161367e-03
-1.147751e-03 -2.095190e-03
-9.356242e-04 -1.860772e-03
-7.254791e-04 -1.627091e-03
-5.173269e-04 -1.394073e-03
-1.147746e-03 -1.861175e-03
-9.356121e-04 -1.627385e-03
-7.254660e-04 -1.394314e-03
-1.147739e-03 -1.627682e-03
-9.356014e-04 -1.394556e-03
-1.147733e-03 -1.394801e-03
7.261961e-04 -9.282204e-04
9.338875e-04 -9.279136e-04
5.190275e-04 -9.285263e-04
7.262006e-04 -6.961185e-04
5.190333e-04 -6.965004e-04
1.142101e-03 -9.276061e-04
9.338847e-04 -1.160121e-03
9.338908e-04 -6.957356e-04
3.118589e-04 -9.288323e-04
7.262034e-04 -4.640452e-04
3.118659e-04 -6.968823e-04
5.190373e-04 -4.645143e-04
1.142100e-03 -1.159870e-03
1.142104e-03 -6.953518e-04
9.338925e-04 -4.635748e-04
1.046903e-04 -9.291383e-04
7.262062e-04 -2.319718e-04
1.046985e-04 -6.972642e-04
3.118712e-04 -4.649835e-04
5.190414e-04 -2.325282e-04
1.142104e-03 -4.631033e-04
9.338941e-04 -2.314139e-04
-1.024783e-04 -9.294443e-04
7.262068e-04 1.395772e-07
-3.096469e-04 -9.297502e-04
-1.024688e-04 -6.976461e-04
1.047051e-04 -4.654527e-04
3.118765e-04 -2.330847e-04
5.190431e-04 -4.889838e-07
1.142105e-03 -2.308547e-04
9.338935e-04 7.697389e-07
7.262074e-04 2.323270e-04
-5.173006e-04 -9.300568e-04
-3.096570e-04 -1.161617e-03
-3.096362e-04 -6.980280e-04
-1.024611e-04 -4.659218e-04
1.047116e-04 -2.336411e-04
3.118795e-04 -1.117545e-06
5.190449e-04 2.316566e-04
1.142103e-03 1.401474e-06
9.338928e-04 2.329991e-04
7.262051e-04 4.646388e-04
-7.254396e-04 -9.303642e-04
-5.173114e-04 -1.161866e-03
-5.172893e-04 -6.984107e-04
-3.096272e-04 -4.663910e-04
-1.024533e-04 -2.341976e-04
1.047158e-04 -1.746106e-06
3.118825e-04 2.309863e-04
5.190439e-04 4.639761e-04
1.142101e-03 2.336729e-04
9.338893e-04 4.653031e-04
7.262036e-04 6.971087e-04
-9.355795e-04 -9.306741e-04
-7.254505e-04 -1.162117e-03
-7.254282e-04 -6.987944e-04
-5.172797e-04 -4.668612e-04
-3.096183e-04 -2.347540e-04
-1.024479e-04 -2.374667e-06
1.047201e-04 2.303159e-04
3.118827e-04 4.633134e-04
5.190437e-04 6.965168e-04
1.142097e-03 4.659691e-04
9.338867e-04 6.977022e-04
7.262041e-04 9.296894e-04
-1.147721e-03 -9.309875e-04
-9.355880e-04 -1.162369e-03
-9.355704e-04 -6.991813e-04
-7.254185e-04 -4.673325e-04
-5.172700e-04 -2.353116e-04
-3.096115e-04 -3.003228e-06
-1.024424e-04 2.296455e-04
1.047215e-04 4.626508e-04
3.118837e-04 6.959249e-04
5.190454e-04 9.292124e-04
1.142093e-03 6.982971e-04
9.338860e-04 9.301677e-04
7.262054e-04 1.162336e-03
-1.147724e-03 -1.162625e-03
-1.147716e-03 -6.995724e-04
-9.355631e-04 -4.678080e-04
-7.254088e-04 -2.358707e-04
-5.172627e-04 -3.633159e-06
-3.096048e-04 2.289751e-04
-1.024397e-04 4.619881e-04
1.047238e-04 6.953329e-04
3.118867e-04 9.287353e-04
5.190479e-04 1.162000e-03
1.142091e-03 9.306472e-04
9.338860e-04 1.162673e-03
7.262137e-04 1.394916e-03
-1.147714e-03 -4.682885e-04
-9.355558e-04 -2.364347e-04
-7.254014e-04 -4.264679e-06
-5.172553e-04 2.283033e-04
-3.096009e-04 4.613254e-04
-1.024362e-04 6.947410e-04
1.047280e-04 9.282582e-04
3.118905e-04 1.161664e-03
5.190575e-04 1.394694e-03
1.142090e-03 1.163011e-03
9.338933e-04 1.395138e-03
7.262197e-04 1.627348e-03
-1.147712e-03 -2.370046e-04
-9.355509e-04 -4.901851e-06
-7.253940e-04 2.276297e-04
-5.172508e-04 4.606613e-04
-3.095961e-04 6.941491e-04
-1.024307e-04 9.277811e-04
1.047330e-04 1.161328e-03
3.119013e-04 1.394472e-03
5.190647e-04 1.627182e-03
1.142096e-03 1.395360e-03
9.338981e-04 1.627514e-03
7.262272e-04 1.859648e-03
-1.147712e-03 -5.545574e-06
-9.355460e-04 2.269501e-04
-7.253894e-04 4.599955e-04
-5.172454e-04 6.935558e-04
-3.095894e-04 9.273041e-04
-1.024245e-04 1.160992e-03
1.047451e-04 1.394251e-03
3.119097e-04 1.627017e-03
5.190735e-04 1.859485e-03
1.142100e-03 1.627681e-03
9.339045e-04 1.859811e-03
7.262322e-04 2.091830e-03
-1.147712e-03 2.262636e-04
-9.355440e-04 4.593237e-04
-7.253839e-04 6.929611e-04
-5.172380e-04 9.268260e-04
-3.095819e-04 1.160656e-03
-1.024112e-04 1.394029e-03
1.047548e-04 1.626851e-03
3.119197e-04 1.859322e-03
5.190797e-04 2.091623e-03
1.142105e-03 1.859975e-03
9.339084e-04 2.092037e-03
7.262296e-04 2.324068e-03
-1.147714e-03 4.586450e-04
-9.355411e-04 6.923611e-04
-7.253765e-04 9.263466e-04
-5.172299e-04 1.160319e-03
-3.095674e-04 1.393808e-03
-1.024002e-04 1.626685e-03
1.047660e-04 1.859159e-03
3.119272e-04 2.091417e-03
5.190783e-04 2.323839e-03
1.142108e-03 2.092245e-03
9.339045e-04 2.324297e-03
7.262304e-04 2.556432e-03
-1.147716e-03 6.917548e-04
-9.355362e-04 9.258631e-04
-7.253683e-04 1.159981e-03
-5.172147e-04 1.393586e-03
-3.095552e-04 1.626519e-03
-1.023877e-04 1.858996e-03
1.047747e-04 2.091210e-03
3.119271e-04 2.323610e-03
5.190803e-04 2.556231e-03
1.142103e-03 2.324527e-03
9.339041e-04 2.556632e-03
7.262267e-04 2.788940e-03
-1.147716e-03 9.253745e-04
-9.355304e-04 1.159641e-03
-7.253530e-04 1.393363e-03
-5.172018e-04 1.626353e-03
-3.095415e-04 1.858833e-03
-1.023778e-04 2.091003e-03
1.047758e-04 2.323382e-03
3.119303e-04 2.556031e-03
5.190779e-04 2.788826e-03
1.142102e-03 2.556833e-03
9.338992e-04 2.789054e-03
7.262276e-04 3.021590e-03
-1.147716e-03 1.159297e-03
-9.355173e-04 1.393139e-03
-7.253400e-04 1.626187e-03
-5.171874e-04 1.858669e-03
-3.095303e-04 2.090796e-03
-1.023755e-04 2.323153e-03
1.047803e-04 2.555831e-03
3.119291e-04 2.788711e-03
5.190801e-04 3.021618e-03
1.142096e-03 2.789169e-03
9.338989e-04 3.021561e-03
7.262343e-04 3.254206e-03
-1.147707e-03 1.392912e-03
-9.355067e-04 1.626019e-03
-7.253256e-04 1.858506e-03
-5.171756e-04 2.090589e-03
-3.095268e-04 2.322924e-03
-1.023698e-04 2.555631e-03
1.047804e-04 2.788597e-03
3.119325e-04 3.021646e-03
5.190880e-04 3.254364e-03
1.142094e-03 3.021533e-03
9.339045e-04 3.254048e-03
7.262380e-04 3.486743e-03
-1.147702e-03 1.625849e-03
-9.354944e-04 1.858341e-03
-7.253136e-04 2.090381e-03
-5.171714e-04 2.322695e-03
-3.095198e-04 2.555431e-03
-1.023684e-04 2.788483e-03
1.047850e-04 3.021674e-03
3.119417e-04 3.254521e-03
5.190929e-04 3.486998e-03
1.142099e-03 3.253890e-03
9.339070e-04 3.486488e-03
7.262489e-04 3.719129e-03
-1.147694e-03 1.858174e-03
-9.354848e-04 2.090172e-03
-7.253094e-04 2.322466e-03
-5.171638e-04 2.555231e-03
-3.095172e-04 2.788369e-03
-1.023625e-04 3.021703e-03
1.047954e-04 3.254679e-03
3.119479e-04 3.487253e-03
5.191050e-04 3.719421e-03
1.142100e-03 3.486232e-03
9.339168e-04 3.718836e-03
7.262529e-04 3.951356e-03
-1.147689e-03 2.089960e-03
-9.354832e-04 2.322234e-03
-7.253018e-04 2.555030e-03
-5.171606e-04 2.788255e-03
-3.095101e-04 3.021731e-03
-1.023509e-04 3.254836e-03
1.048028e-04 3.487507e-03
3.119612e-04 3.719713e-03
5.191104e-04 3.951622e-03
1.142109e-03 3.718543e-03
9.339197e-04 3.951089e-03
7.262585e-04 4.183869e-03
-1.147693e-03 2.322000e-03
-9.354780e-04 2.554827e-03
-7.252985e-04 2.788140e-03
-5.171528e-04 3.021759e-03
-3.094972e-04 3.254993e-03
-1.023423e-04 3.487762e-03
1.048174e-04 3.720004e-03
3.119678e-04 3.951888e-03
5.191171e-04 4.184083e-03
1.142111e-03 3.950822e-03
9.339241e-04 4.183656e-03
7.262616e-04 4.416720e-03
-1.147692e-03 2.554622e-03
-9.354775e-04 2.788025e-03
-7.252906e-04 3.021788e-03
-5.171393e-04 3.255151e-03
-3.094873e-04 3.488017e-03
-1.023264e-04 3.720296e-03
1.048252e-04 3.952154e-03
3.119758e-04 4.184296e-03
5.191215e-04 4.416861e-03
1.142114e-03 4.183441e-03
9.339261e-04 4.416580e-03
7.262627e-04 4.650282e-03
-1.147697e-03 2.787908e-03
-9.354721e-04 3.021817e-03
-7.252770e-04 3.255310e-03
-5.171287e-04 3.488272e-03
-3.094702e-04 3.720588e-03
-1.023174e-04 3.952420e-03
1.048345e-04 4.184509e-03
3.119814e-04 4.417001e-03
5.191238e-04 4.650359e-03
1.142115e-03 4.416439e-03
9.339260e-04 4.650206e-03
7.262654e-04 4.884557e-03
-1.147696e-03 3.021846e-03
-9.354607e-04 3.255470e-03
-7.252664e-04 3.488528e-03
-5.171109e-04 3.720881e-03
-3.094600e-04 3.952687e-03
-1.023069e-04 4.184722e-03
1.048413e-04 4.417141e-03
3.119849e-04 4.650436e-03
5.191278e-04 4.884582e-03
1.142114e-03 4.650128e-03
9.339276e-04 4.884532e-03
-1.147690e-03 3.255631e-03
-9.354525e-04 3.488787e-03
-7.252485e-04 3.721174e-03
-5.171000e-04 3.952953e-03
-3.094482e-04 4.184936e-03
-1.022988e-04 4.417281e-03
1.048461e-04 4.650513e-03
3.119902e-04 4.884608e-03
1.142114e-03 4.884506e-03
-1.147686e-03 3.489048e-03
-9.354367e-04 3.721471e-03
-7.252375e-04 3.953221e-03
-5.170876e-04 4.185149e-03
-3.094390e-04 4.417421e-03
-1.022928e-04 4.650589e-03
1.048526e-04 4.884633e-03
-1.147676e-03 3.721770e-03
-9.354280e-04 3.953491e-03
-7.252250e-04 4.185364e-03
-5.170776e-04 4.417562e-03
-3.094316e-04 4.650666e-03
-1.022850e-04 4.884659e-03
-1.147672e-03 3.953764e-03
-9.354178e-04 4.185580e-03
-7.252150e-04 4.417703e-03
-5.170697e-04 4.650743e-03
-3.094227e-04 4.884684e-03
-1.147666e-03 4.185799e-03
-9.354102e-04 4.417845e-03
-7.252070e-04 4.650820e-03
-5.170601e-04 4.884710e-03
-1.147664e-03 4.417989e-03
-9.354047e-04 4.650899e-03
-7.251973e-04 4.884735e-03
-1.147663e-03 4.650977e-03
-9.353974e-04 4.884761e-03
-1.147661e-03 4.884787e-03
