2.604541e+01
3.122138e+01
3.426572e+01
3.226728e+01
3.961567e+01
3.635272e+01
3.315196e+01
4.142005e+01
4.263235e+01
3.755780e+01
3.281651e+01
4.209825e+01
4.454667e+01
4.406547e+01
3.748310e+01
3.279930e+01
4.091786e+01
4.367302e+01
4.488115e+01
4.384055e+01
3.750462e+01
3.305880e+01
4.064367e+01
4.299377e+01
4.475191e+01
4.472090e+01
4.385830e+01
3.729083e+01
3.385244e+01
4.095203e+01
4.297657e+01
4.461903e+01
4.464243e+01
4.460805e+01
4.373516e+01
3.725225e+01
3.416017e+01
4.130484e+01
4.320262e+01
4.464345e+01
4.462819e+01
4.457753e+01
4.449194e+01
4.380387e+01
3.718929e+01
3.362258e+01
4.257020e+01
4.337106e+01
4.464487e+01
4.457374e+01
4.443550e+01
4.446237e+01
4.454052e+01
4.377841e+01
3.729906e+01
3.282639e+01
4.248297e+01
4.347745e+01
4.441410e+01
4.449264e+01
4.442695e+01
4.435352e+01
4.448676e+01
4.455253e+01
4.390041e+01
3.720485e+01
2.792429e+01
4.091707e+01
4.466362e+01
4.465881e+01
4.451288e+01
4.442387e+01
4.446232e+01
4.441355e+01
4.443959e+01
4.459268e+01
4.392033e+01
3.703402e+01
3.550356e+01
4.317272e+01
4.471019e+01
4.458518e+01
4.439900e+01
4.444294e+01
4.448680e+01
4.439118e+01
4.442878e+01
4.455084e+01
4.388953e+01
3.691855e+01
3.727749e+01
4.450510e+01
4.446520e+01
4.443876e+01
4.434407e+01
4.448365e+01
4.445702e+01
4.438190e+01
4.447399e+01
4.454727e+01
4.389725e+01
3.683357e+01
3.861726e+01
4.411187e+01
4.450751e+01
4.433035e+01
4.440580e+01
4.444432e+01
4.444149e+01
4.442355e+01
4.450941e+01
4.456490e+01
4.393685e+01
3.674356e+01
3.868543e+01
4.407978e+01
4.433779e+01
4.437721e+01
4.441983e+01
4.443673e+01
4.446857e+01
4.445186e+01
4.453251e+01
4.456770e+01
4.397814e+01
3.673515e+01
3.879840e+01
4.401658e+01
4.428948e+01
4.441912e+01
4.439789e+01
4.446529e+01
4.451152e+01
4.446278e+01
4.453989e+01
4.459688e+01
4.396546e+01
3.864131e+01
4.401607e+01
4.430781e+01
4.444803e+01
4.439183e+01
4.450145e+01
4.453528e+01
4.446726e+01
4.452414e+01
4.452634e+01
3.866901e+01
4.398016e+01
4.438337e+01
4.445613e+01
4.440925e+01
4.451547e+01
4.452375e+01
4.446813e+01
4.455664e+01
4.454798e+01
3.864972e+01
4.390257e+01
4.431229e+01
4.446299e+01
4.442718e+01
4.450696e+01
4.451871e+01
4.446426e+01
4.457021e+01
3.846601e+01
4.382117e+01
4.431516e+01
4.448639e+01
4.443282e+01
4.450625e+01
4.451461e+01
4.446469e+01
3.807288e+01
4.387798e+01
4.430089e+01
4.448672e+01
4.443703e+01
4.449374e+01
4.451249e+01
3.803537e+01
4.385585e+01
4.434243e+01
4.448202e+01
4.443370e+01
4.448548e+01
3.800244e+01
4.383977e+01
4.432607e+01
4.449605e+01
3.773519e+01
4.381495e+01
4.428628e+01
3.750133e+01
4.374816e+01
3.719043e+01
4.454456e+01
4.390709e+01
4.457233e+01
4.455066e+01
4.458070e+01
3.619788e+01
4.389652e+01
4.384472e+01
4.446800e+01
4.452665e+01
4.447832e+01
4.460307e+01
3.650000e+01
3.574037e+01
4.381688e+01
4.451523e+01
4.451906e+01
4.451618e+01
4.447866e+01
4.461018e+01
3.552344e+01
4.375110e+01
4.449159e+01
4.455970e+01
4.442404e+01
4.449958e+01
4.451363e+01
4.447020e+01
4.458674e+01
3.547980e+01
4.381968e+01
4.455399e+01
4.451236e+01
4.442054e+01
4.444257e+01
4.450658e+01
4.450989e+01
4.447038e+01
4.460110e+01
3.556455e+01
4.381703e+01
4.452546e+01
4.428279e+01
4.450171e+01
4.450034e+01
4.444545e+01
4.450369e+01
4.450155e+01
4.447351e+01
4.461045e+01
3.556031e+01
4.377997e+01
4.451548e+01
4.368463e+01
4.428024e+01
4.430923e+01
4.451017e+01
4.444111e+01
4.449670e+01
4.450787e+01
4.446828e+01
4.460771e+01
3.558850e+01
4.379145e+01
4.451709e+01
3.669457e+01
4.372469e+01
4.369012e+01
4.429269e+01
4.451886e+01
4.444626e+01
4.449697e+01
4.451329e+01
4.447233e+01
4.460064e+01
3.576095e+01
4.383951e+01
4.452749e+01
3.694407e+01
3.659993e+01
4.370145e+01
4.427931e+01
4.447841e+01
4.444485e+01
4.449747e+01
4.450663e+01
4.448215e+01
4.459417e+01
3.605575e+01
4.383394e+01
4.449287e+01
3.658490e+01
4.371374e+01
4.434214e+01
4.450142e+01
4.444408e+01
4.449412e+01
4.450444e+01
4.448652e+01
4.458113e+01
3.611185e+01
4.378444e+01
4.449488e+01
3.657220e+01
4.377688e+01
4.431598e+01
4.451322e+01
4.444322e+01
4.449612e+01
4.451848e+01
4.446011e+01
4.455030e+01
3.603728e+01
4.384649e+01
4.453745e+01
3.667708e+01
4.374241e+01
4.428284e+01
4.450655e+01
4.443972e+01
4.450040e+01
4.452778e+01
4.444743e+01
4.451248e+01
3.627940e+01
4.387034e+01
4.458649e+01
3.659859e+01
4.370133e+01
4.428423e+01
4.450393e+01
4.443407e+01
4.450748e+01
4.452092e+01
4.444522e+01
4.449553e+01
3.638872e+01
4.390094e+01
4.455771e+01
3.656184e+01
4.369832e+01
4.428035e+01
4.449267e+01
4.444363e+01
4.450709e+01
4.452905e+01
4.443757e+01
4.448928e+01
3.648921e+01
4.387832e+01
4.457507e+01
3.657781e+01
4.370951e+01
4.428897e+01
4.449544e+01
4.444896e+01
4.450949e+01
4.453918e+01
4.442219e+01
4.446896e+01
3.671301e+01
4.394981e+01
4.461457e+01
3.667661e+01
4.373294e+01
4.432311e+01
4.451220e+01
4.443336e+01
4.450595e+01
4.452951e+01
4.440800e+01
4.445010e+01
3.702887e+01
4.392744e+01
4.458827e+01
3.690043e+01
4.376942e+01
4.430399e+01
4.450107e+01
4.442361e+01
4.450373e+01
4.447041e+01
4.439108e+01
4.447151e+01
3.717539e+01
4.375906e+01
4.457314e+01
3.718489e+01
4.378179e+01
4.430680e+01
4.448991e+01
4.441807e+01
4.447533e+01
4.443726e+01
4.439131e+01
4.452595e+01
3.713514e+01
4.377102e+01
4.448603e+01
3.743485e+01
4.383103e+01
4.429228e+01
4.446793e+01
4.439382e+01
4.445093e+01
4.445637e+01
4.442295e+01
4.449678e+01
3.719430e+01
4.372523e+01
4.463416e+01
3.771770e+01
4.385904e+01
4.430162e+01
4.445350e+01
4.439299e+01
4.444623e+01
4.450643e+01
4.439592e+01
4.461098e+01
3.722300e+01
4.391184e+01
4.480642e+01
3.803843e+01
4.389211e+01
4.430166e+01
4.443991e+01
4.441802e+01
4.448044e+01
4.443074e+01
4.449476e+01
4.467601e+01
3.754720e+01
4.395355e+01
4.502191e+01
3.815645e+01
4.384350e+01
4.436112e+01
4.440213e+01
4.442095e+01
4.444919e+01
4.447568e+01
4.464233e+01
4.477155e+01
3.756981e+01
4.414331e+01
4.463103e+01
3.815690e+01
4.389589e+01
4.431286e+01
4.435901e+01
4.436345e+01
4.449023e+01
4.464567e+01
4.452578e+01
4.376084e+01
3.761637e+01
4.265385e+01
4.149542e+01
3.835862e+01
4.397520e+01
4.432515e+01
4.434233e+01
4.440292e+01
4.455597e+01
4.458119e+01
4.306284e+01
4.208818e+01
3.633825e+01
3.973106e+01
3.234442e+01
3.866137e+01
4.401751e+01
4.430858e+01
4.453691e+01
4.447806e+01
4.456713e+01
4.274077e+01
4.069296e+01
3.286088e+01
3.424314e+01
3.135741e+01
3.864186e+01
4.401494e+01
4.452936e+01
4.465619e+01
4.456250e+01
4.294219e+01
4.017929e+01
3.192863e+01
2.608505e+01
3.865571e+01
4.407202e+01
4.448605e+01
4.451891e+01
4.340863e+01
4.046804e+01
3.152496e+01
3.884920e+01
4.427013e+01
4.505748e+01
4.369325e+01
4.135116e+01
3.219284e+01
3.868355e+01
4.460658e+01
4.490300e+01
4.286219e+01
3.340030e+01
3.843786e+01
4.302884e+01
4.234083e+01
3.400317e+01
3.731763e+01
4.087048e+01
3.359023e+01
3.555385e+01
3.292500e+01
2.809086e+01
