1.142091e-03 -4.881090e-03
9.338584e-04 -4.881133e-03
1.142092e-03 -4.646723e-03
7.261471e-04 -4.881176e-03
9.338600e-04 -4.646851e-03
1.142092e-03 -4.413041e-03
5.189575e-04 -4.881219e-03
7.261500e-04 -4.646980e-03
9.338617e-04 -4.413256e-03
1.142093e-03 -4.180050e-03
3.117678e-04 -4.881261e-03
5.189616e-04 -4.647107e-03
7.261529e-04 -4.413470e-03
9.338634e-04 -4.180350e-03
1.142093e-03 -3.947448e-03
1.045782e-04 -4.881304e-03
3.117732e-04 -4.647235e-03
5.189657e-04 -4.413683e-03
7.261557e-04 -4.180650e-03
9.338652e-04 -3.947835e-03
1.142094e-03 -3.715199e-03
-1.026115e-04 -4.881347e-03
1.045847e-04 -4.647363e-03
3.117785e-04 -4.413896e-03
5.189698e-04 -4.180949e-03
7.261586e-04 -3.948222e-03
9.338668e-04 -3.715674e-03
1.142095e-03 -3.482951e-03
-3.098012e-04 -4.881389e-03
-1.026037e-04 -4.647491e-03
1.045914e-04 -4.414110e-03
3.117838e-04 -4.181248e-03
5.189739e-04 -3.948607e-03
7.261614e-04 -3.716148e-03
9.338685e-04 -3.483513e-03
1.142095e-03 -3.250701e-03
-5.174660e-04 -4.881432e-03
-3.097921e-04 -4.647619e-03
-1.025958e-04 -4.414323e-03
1.045979e-04 -4.181547e-03
3.117893e-04 -3.948993e-03
5.189780e-04 -3.716621e-03
7.261642e-04 -3.484075e-03
9.338697e-04 -3.251349e-03
1.142093e-03 -3.018443e-03
-7.256061e-04 -4.881475e-03
-5.174563e-04 -4.647747e-03
-3.097830e-04 -4.414536e-03
-1.025880e-04 -4.181847e-03
1.046046e-04 -3.949379e-03
3.117945e-04 -3.717094e-03
5.189820e-04 -3.484635e-03
7.261667e-04 -3.251995e-03
9.338695e-04 -3.019162e-03
1.142092e-03 -2.786173e-03
-9.357050e-04 -4.881517e-03
-7.255963e-04 -4.647875e-03
-5.174465e-04 -4.414750e-03
-3.097740e-04 -4.182146e-03
-1.025802e-04 -3.949764e-03
1.046111e-04 -3.717567e-03
3.117998e-04 -3.485195e-03
5.189857e-04 -3.252640e-03
7.261677e-04 -3.019878e-03
9.338691e-04 -2.786936e-03
1.142086e-03 -2.553873e-03
-1.147763e-03 -4.881561e-03
-9.356976e-04 -4.648005e-03
-7.255865e-04 -4.414964e-03
-5.174368e-04 -4.182445e-03
-3.097649e-04 -3.950150e-03
-1.025724e-04 -3.718040e-03
1.046176e-04 -3.485756e-03
3.118047e-04 -3.253284e-03
5.189879e-04 -3.020593e-03
7.261685e-04 -2.787697e-03
9.338639e-04 -2.554621e-03
1.142084e-03 -2.321543e-03
-1.147761e-03 -4.648135e-03
-9.356902e-04 -4.415180e-03
-7.255767e-04 -4.182746e-03
-5.174271e-04 -3.950536e-03
-3.097559e-04 -3.718513e-03
-1.025647e-04 -3.486316e-03
1.046237e-04 -3.253929e-03
3.118082e-04 -3.021307e-03
5.189900e-04 -2.788456e-03
7.261645e-04 -2.555367e-03
9.338635e-04 -2.322216e-03
1.142079e-03 -2.089188e-03
-1.147758e-03 -4.415398e-03
-9.356829e-04 -4.183048e-03
-7.255669e-04 -3.950923e-03
-5.174175e-04 -3.718987e-03
-3.097469e-04 -3.486876e-03
-1.025573e-04 -3.254574e-03
1.046284e-04 -3.022022e-03
3.118114e-04 -2.789215e-03
5.189872e-04 -2.556111e-03
7.261652e-04 -2.322887e-03
9.338595e-04 -2.089733e-03
1.142082e-03 -1.856820e-03
-1.147756e-03 -4.183355e-03
-9.356755e-04 -3.951314e-03
-7.255572e-04 -3.719462e-03
-5.174078e-04 -3.487437e-03
-3.097383e-04 -3.255219e-03
-1.025514e-04 -3.022736e-03
1.046329e-04 -2.789973e-03
3.118099e-04 -2.556855e-03
5.189892e-04 -2.323556e-03
7.261625e-04 -2.090278e-03
9.338633e-04 -1.857216e-03
1.142087e-03 -1.624476e-03
-1.147753e-03 -3.951709e-03
-9.356682e-04 -3.719941e-03
-7.255475e-04 -3.488000e-03
-5.173986e-04 -3.255865e-03
-3.097312e-04 -3.023451e-03
-1.025456e-04 -2.790732e-03
1.046326e-04 -2.557599e-03
3.118132e-04 -2.324225e-03
5.189877e-04 -2.090821e-03
7.261674e-04 -1.857611e-03
9.338696e-04 -1.624767e-03
1.142091e-03 -1.392158e-03
-1.147751e-03 -3.720425e-03
-9.356609e-04 -3.488568e-03
-7.255382e-04 -3.256513e-03
-5.173908e-04 -3.024167e-03
-3.097242e-04 -2.791491e-03
-1.025447e-04 -2.558343e-03
1.046371e-04 -2.324895e-03
3.118129e-04 -2.091364e-03
5.189939e-04 -1.858005e-03
7.261748e-04 -1.625058e-03
9.338745e-04 -1.392398e-03
1.142097e-03 -1.159870e-03
-1.147748e-03 -3.489141e-03
-9.356540e-04 -3.257166e-03
-7.255304e-04 -3.024885e-03
-5.173832e-04 -2.792252e-03
-3.097220e-04 -2.559087e-03
-1.025390e-04 -2.325564e-03
1.046381e-04 -2.091908e-03
3.118203e-04 -1.858400e-03
5.190025e-04 -1.625348e-03
7.261809e-04 -1.392638e-03
9.338820e-04 -1.160121e-03
1.142099e-03 -9.276063e-04
-1.147746e-03 -3.257826e-03
-9.356486e-04 -3.025609e-03
-7.255227e-04 -2.793014e-03
-5.173804e-04 -2.559832e-03
-3.097150e-04 -2.326233e-03
-1.025367e-04 -2.092451e-03
1.046468e-04 -1.858794e-03
3.118302e-04 -1.625638e-03
5.190099e-04 -1.392877e-03
7.261895e-04 -1.160371e-03
9.338848e-04 -9.279138e-04
1.142101e-03 -6.953520e-04
-1.147746e-03 -3.026341e-03
-9.356434e-04 -2.793783e-03
-7.255198e-04 -2.560580e-03
-5.173728e-04 -2.326904e-03
-3.097115e-04 -2.092994e-03
-1.025268e-04 -1.859188e-03
1.046579e-04 -1.625929e-03
3.118388e-04 -1.393116e-03
5.190197e-04 -1.160620e-03
7.261935e-04 -9.282206e-04
9.338882e-04 -6.957358e-04
1.142102e-03 -4.631035e-04
-1.147746e-03 -2.794560e-03
-9.356432e-04 -2.561334e-03
-7.255122e-04 -2.327576e-03
-5.173687e-04 -2.093538e-03
-3.097003e-04 -1.859582e-03
-1.025144e-04 -1.626219e-03
1.046677e-04 -1.393355e-03
3.118498e-04 -1.160869e-03
5.190249e-04 -9.285265e-04
7.261980e-04 -6.961187e-04
9.338898e-04 -4.635750e-04
1.142102e-03 -2.308549e-04
-1.147750e-03 -2.562096e-03
-9.356381e-04 -2.328255e-03
-7.255079e-04 -2.094084e-03
-5.173568e-04 -1.859977e-03
-3.096868e-04 -1.626509e-03
-1.025034e-04 -1.393595e-03
1.046800e-04 -1.161118e-03
3.118563e-04 -9.288325e-04
5.190306e-04 -6.965006e-04
7.262008e-04 -4.640454e-04
9.338915e-04 -2.314141e-04
1.142100e-03 1.401271e-06
-1.147750e-03 -2.328940e-03
-9.356365e-04 -2.094634e-03
-7.254960e-04 -1.860373e-03
-5.173425e-04 -1.626800e-03
-3.096745e-04 -1.393834e-03
-1.024898e-04 -1.161368e-03
1.046877e-04 -9.291385e-04
3.118633e-04 -6.968825e-04
5.190347e-04 -4.645145e-04
7.262036e-04 -2.319720e-04
9.338908e-04 7.695368e-07
1.142099e-03 2.336727e-04
-1.147753e-03 -2.095191e-03
-9.356269e-04 -1.860772e-03
-7.254817e-04 -1.627091e-03
-5.173296e-04 -1.394074e-03
-3.096597e-04 -1.161617e-03
-1.024809e-04 -9.294445e-04
1.046959e-04 -6.972644e-04
3.118685e-04 -4.649837e-04
5.190387e-04 -2.325284e-04
7.262042e-04 1.393751e-07
9.338902e-04 2.329989e-04
1.142094e-03 4.659689e-04
-1.147749e-03 -1.861175e-03
-9.356148e-04 -1.627385e-03
-7.254686e-04 -1.394314e-03
-5.173141e-04 -1.161867e-03
-3.096495e-04 -9.297504e-04
-1.024715e-04 -6.976463e-04
1.047024e-04 -4.654529e-04
3.118738e-04 -2.330849e-04
5.190405e-04 -4.891859e-07
7.262047e-04 2.323268e-04
9.338867e-04 4.653029e-04
1.142090e-03 6.982969e-04
-1.147741e-03 -1.627682e-03
-9.356040e-04 -1.394556e-03
-7.254531e-04 -1.162117e-03
-5.173033e-04 -9.300570e-04
-3.096389e-04 -6.980282e-04
-1.024637e-04 -4.659220e-04
1.047089e-04 -2.336413e-04
3.118768e-04 -1.117747e-06
5.190423e-04 2.316564e-04
7.262024e-04 4.646386e-04
9.338840e-04 6.977020e-04
1.142089e-03 9.306470e-04
-1.147735e-03 -1.394801e-03
-9.355906e-04 -1.162369e-03
-7.254422e-04 -9.303644e-04
-5.172919e-04 -6.984109e-04
-3.096299e-04 -4.663912e-04
-1.024560e-04 -2.341978e-04
1.047132e-04 -1.746308e-06
3.118799e-04 2.309861e-04
5.190412e-04 4.639759e-04
7.262010e-04 6.971085e-04
9.338834e-04 9.301675e-04
1.142088e-03 1.163010e-03
-1.147727e-03 -1.162625e-03
-9.355821e-04 -9.306743e-04
-7.254308e-04 -6.987946e-04
-5.172823e-04 -4.668614e-04
-3.096209e-04 -2.347542e-04
-1.024505e-04 -2.374869e-06
1.047174e-04 2.303157e-04
3.118801e-04 4.633132e-04
5.190410e-04 6.965166e-04
7.262015e-04 9.296892e-04
9.338834e-04 1.162673e-03
1.142094e-03 1.395360e-03
-1.147723e-03 -9.309877e-04
-9.355730e-04 -6.991815e-04
-7.254211e-04 -4.673327e-04
-5.172727e-04 -2.353119e-04
-3.096142e-04 -3.003430e-06
-1.024450e-04 2.296453e-04
1.047189e-04 4.626506e-04
3.118811e-04 6.959247e-04
5.190428e-04 9.292122e-04
7.262027e-04 1.162336e-03
9.338906e-04 1.395138e-03
1.142097e-03 1.627681e-03
-1.147719e-03 -6.995726e-04
-9.355658e-04 -4.678082e-04
-7.254114e-04 -2.358709e-04
-5.172653e-04 -3.633361e-06
-3.096075e-04 2.289749e-04
-1.024423e-04 4.619879e-04
1.047211e-04 6.953327e-04
3.118841e-04 9.287351e-04
5.190453e-04 1.162000e-03
7.262111e-04 1.394915e-03
9.338955e-04 1.627514e-03
1.142103e-03 1.859975e-03
-1.147717e-03 -4.682887e-04
-9.355585e-04 -2.364349e-04
-7.254040e-04 -4.264881e-06
-5.172580e-04 2.283031e-04
-3.096036e-04 4.613252e-04
-1.024388e-04 6.947408e-04
1.047254e-04 9.282580e-04
3.118878e-04 1.161664e-03
5.190549e-04 1.394694e-03
7.262170e-04 1.627348e-03
9.339019e-04 1.859811e-03
1.142106e-03 2.092245e-03
-1.147714e-03 -2.370048e-04
-9.355536e-04 -4.902053e-06
-7.253966e-04 2.276295e-04
-5.172535e-04 4.606611e-04
-3.095988e-04 6.941489e-04
-1.024333e-04 9.277809e-04
1.047304e-04 1.161328e-03
3.118986e-04 1.394472e-03
5.190621e-04 1.627182e-03
7.262246e-04 1.859647e-03
9.339058e-04 2.092037e-03
1.142101e-03 2.324526e-03
-1.147714e-03 -5.545776e-06
-9.355486e-04 2.269499e-04
-7.253920e-04 4.599953e-04
-5.172481e-04 6.935556e-04
-3.095920e-04 9.273039e-04
-1.024271e-04 1.160992e-03
1.047424e-04 1.394251e-03
3.119071e-04 1.627016e-03
5.190708e-04 1.859484e-03
7.262296e-04 2.091830e-03
9.339019e-04 2.324297e-03
1.142099e-03 2.556833e-03
-1.147714e-03 2.262634e-04
-9.355467e-04 4.593235e-04
-7.253866e-04 6.929609e-04
-5.172407e-04 9.268258e-04
-3.095846e-04 1.160656e-03
-1.024138e-04 1.394029e-03
1.047521e-04 1.626851e-03
3.119171e-04 1.859321e-03
5.190771e-04 2.091623e-03
7.262269e-04 2.324067e-03
9.339015e-04 2.556632e-03
1.142093e-03 2.789169e-03
-1.147717e-03 4.586448e-04
-9.355438e-04 6.923609e-04
-7.253791e-04 9.263464e-04
-5.172326e-04 1.160319e-03
-3.095700e-04 1.393808e-03
-1.024029e-04 1.626685e-03
1.047634e-04 1.859158e-03
3.119246e-04 2.091416e-03
5.190757e-04 2.323839e-03
7.262277e-04 2.556431e-03
9.338966e-04 2.789054e-03
1.142092e-03 3.021533e-03
-1.147719e-03 6.917546e-04
-9.355388e-04 9.258629e-04
-7.253709e-04 1.159981e-03
-5.172173e-04 1.393586e-03
-3.095579e-04 1.626519e-03
-1.023904e-04 1.858995e-03
1.047721e-04 2.091210e-03
3.119244e-04 2.323610e-03
5.190777e-04 2.556231e-03
7.262241e-04 2.788940e-03
9.338963e-04 3.021561e-03
1.142096e-03 3.253890e-03
-1.147719e-03 9.253743e-04
-9.355331e-04 1.159641e-03
-7.253556e-04 1.393363e-03
-5.172045e-04 1.626353e-03
-3.095441e-04 1.858832e-03
-1.023804e-04 2.091003e-03
1.047731e-04 2.323381e-03
3.119277e-04 2.556031e-03
5.190753e-04 2.788825e-03
7.262250e-04 3.021589e-03
9.339019e-04 3.254048e-03
1.142098e-03 3.486231e-03
-1.147718e-03 1.159297e-03
-9.355200e-04 1.393139e-03
-7.253427e-04 1.626187e-03
-5.171901e-04 1.858669e-03
-3.095329e-04 2.090796e-03
-1.023781e-04 2.323153e-03
1.047776e-04 2.555831e-03
3.119265e-04 2.788711e-03
5.190774e-04 3.021618e-03
7.262316e-04 3.254206e-03
9.339044e-04 3.486487e-03
1.142106e-03 3.718542e-03
-1.147710e-03 1.392912e-03
-9.355093e-04 1.626019e-03
-7.253282e-04 1.858505e-03
-5.171782e-04 2.090589e-03
-3.095294e-04 2.322924e-03
-1.023724e-04 2.555631e-03
1.047777e-04 2.788597e-03
3.119299e-04 3.021646e-03
5.190854e-04 3.254363e-03
7.262353e-04 3.486743e-03
9.339142e-04 3.718836e-03
1.142108e-03 3.950822e-03
-1.147704e-03 1.625849e-03
-9.354971e-04 1.858341e-03
-7.253163e-04 2.090381e-03
-5.171741e-04 2.322695e-03
-3.095224e-04 2.555431e-03
-1.023711e-04 2.788483e-03
1.047824e-04 3.021674e-03
3.119391e-04 3.254521e-03
5.190903e-04 3.486998e-03
7.262462e-04 3.719128e-03
9.339171e-04 3.951089e-03
1.142111e-03 4.183441e-03
-1.147697e-03 1.858174e-03
-9.354874e-04 2.090172e-03
-7.253121e-04 2.322465e-03
-5.171665e-04 2.555230e-03
-3.095199e-04 2.788369e-03
-1.023652e-04 3.021702e-03
1.047928e-04 3.254678e-03
3.119452e-04 3.487252e-03
5.191024e-04 3.719420e-03
7.262503e-04 3.951356e-03
9.339215e-04 4.183655e-03
1.142112e-03 4.416439e-03
-1.147692e-03 2.089960e-03
-9.354859e-04 2.322234e-03
-7.253044e-04 2.555029e-03
-5.171633e-04 2.788254e-03
-3.095127e-04 3.021731e-03
-1.023535e-04 3.254836e-03
1.048002e-04 3.487507e-03
3.119586e-04 3.719712e-03
5.191077e-04 3.951622e-03
7.262558e-04 4.183869e-03
9.339234e-04 4.416580e-03
1.142111e-03 4.650128e-03
-1.147695e-03 2.322000e-03
-9.354807e-04 2.554827e-03
-7.253011e-04 2.788140e-03
-5.171555e-04 3.021759e-03
-3.094998e-04 3.254993e-03
-1.023449e-04 3.487762e-03
1.048148e-04 3.720004e-03
3.119651e-04 3.951888e-03
5.191145e-04 4.184082e-03
7.262589e-04 4.416720e-03
9.339233e-04 4.650205e-03
1.142111e-03 4.884506e-03
-1.147695e-03 2.554622e-03
-9.354801e-04 2.788024e-03
-7.252933e-04 3.021787e-03
-5.171419e-04 3.255151e-03
-3.094899e-04 3.488017e-03
-1.023291e-04 3.720296e-03
1.048226e-04 3.952154e-03
3.119731e-04 4.184296e-03
5.191188e-04 4.416860e-03
7.262600e-04 4.650282e-03
9.339249e-04 4.884531e-03
-1.147699e-03 2.787907e-03
-9.354747e-04 3.021817e-03
-7.252796e-04 3.255309e-03
-5.171314e-04 3.488272e-03
-3.094729e-04 3.720588e-03
-1.023200e-04 3.952420e-03
1.048318e-04 4.184509e-03
3.119787e-04 4.417001e-03
5.191212e-04 4.650359e-03
7.262628e-04 4.884557e-03
-1.147699e-03 3.021846e-03
-9.354633e-04 3.255470e-03
-7.252690e-04 3.488528e-03
-5.171136e-04 3.720881e-03
-3.094626e-04 3.952686e-03
-1.023095e-04 4.184722e-03
1.048386e-04 4.417141e-03
3.119823e-04 4.650436e-03
5.191252e-04 4.884582e-03
-1.147692e-03 3.255631e-03
-9.354551e-04 3.488787e-03
-7.252511e-04 3.721174e-03
-5.171026e-04 3.952953e-03
-3.094509e-04 4.184935e-03
-1.023015e-04 4.417281e-03
1.048434e-04 4.650513e-03
3.119875e-04 4.884608e-03
-1.147689e-03 3.489048e-03
-9.354393e-04 3.721471e-03
-7.252401e-04 3.953221e-03
-5.170902e-04 4.185149e-03
-3.094416e-04 4.417421e-03
-1.022954e-04 4.650589e-03
1.048499e-04 4.884633e-03
-1.147678e-03 3.721770e-03
-9.354307e-04 3.953491e-03
-7.252277e-04 4.185363e-03
-5.170803e-04 4.417562e-03
-3.094343e-04 4.650666e-03
-1.022877e-04 4.884658e-03
-1.147674e-03 3.953764e-03
-9.354205e-04 4.185580e-03
-7.252177e-04 4.417703e-03
-5.170723e-04 4.650743e-03
-3.094253e-04 4.884684e-03
-1.147669e-03 4.185799e-03
-9.354129e-04 4.417845e-03
-7.252097e-04 4.650820e-03
-5.170627e-04 4.884709e-03
-1.147666e-03 4.417989e-03
-9.354074e-04 4.650899e-03
-7.252000e-04 4.884735e-03
-1.147666e-03 4.650977e-03
-9.354001e-04 4.884761e-03
-1.147663e-03 4.884787e-03
