1.164346e-03 1.496831e-04
1.036539e-03 1.265522e-04
1.164897e-03 -3.140957e-04
1.163997e-03 6.150208e-04
9.212050e-04 1.114213e-04
1.036321e-03 5.295544e-04
1.037378e-03 -2.707197e-04
1.163559e-03 -7.817673e-04
1.162220e-03 1.087998e-03
8.174646e-04 9.943631e-05
9.208077e-04 4.651895e-04
9.220590e-04 -2.355836e-04
1.032365e-03 9.479377e-04
1.035075e-03 -6.784284e-04
1.159352e-03 -1.259691e-03
1.157287e-03 1.563097e-03
7.231764e-04 8.918996e-05
8.159202e-04 4.128868e-04
8.176940e-04 -2.057221e-04
9.149578e-04 8.328196e-04
9.177579e-04 -5.935502e-04
1.019267e-03 1.369352e-03
1.023857e-03 -1.105698e-03
1.149385e-03 -1.739090e-03
1.148424e-03 2.029385e-03
6.368616e-04 7.927080e-05
7.204857e-04 3.673909e-04
7.226896e-04 -1.808189e-04
8.079748e-04 7.381548e-04
8.109576e-04 -5.206667e-04
8.970592e-04 1.208522e-03
9.007371e-04 -9.697346e-04
9.968563e-04 1.776231e-03
9.989097e-04 -1.535609e-03
1.133896e-03 -2.212659e-03
1.136590e-03 2.489410e-03
5.597843e-04 6.853345e-05
6.338353e-04 3.263938e-04
6.368512e-04 -1.595866e-04
7.110009e-04 6.579278e-04
7.140485e-04 -4.579304e-04
7.877315e-04 1.071671e-03
7.908058e-04 -8.505101e-04
8.681292e-04 1.573124e-03
8.681083e-04 -1.355663e-03
9.691745e-04 2.175211e-03
9.588750e-04 -1.964456e-03
1.122001e-03 2.957490e-03
4.914211e-04 5.842641e-05
5.552770e-04 2.888385e-04
5.597958e-04 -1.425878e-04
6.224890e-04 5.874800e-04
6.272439e-04 -4.064125e-04
6.897995e-04 9.546242e-04
6.932154e-04 -7.455561e-04
7.547323e-04 1.397766e-03
7.548823e-04 -1.192108e-03
8.320765e-04 1.923971e-03
8.156312e-04 -1.742324e-03
9.359485e-04 2.575115e-03
1.095124e-03 3.418232e-03
4.325785e-04 4.797673e-05
4.846486e-04 2.506627e-04
4.901212e-04 -1.256977e-04
5.424742e-04 5.217114e-04
5.494663e-04 -3.639053e-04
6.008882e-04 8.531130e-04
6.068773e-04 -6.551771e-04
6.555151e-04 1.245039e-03
6.575570e-04 -1.042259e-03
7.130393e-04 1.702276e-03
6.992398e-04 -1.535043e-03
7.885239e-04 2.240541e-03
8.774551e-04 2.931100e-03
1.040181e-03 3.838628e-03
3.838581e-04 3.237643e-05
4.209645e-04 2.108102e-04
4.294845e-04 -1.046103e-04
4.689854e-04 4.611122e-04
4.745068e-04 -3.353780e-04
5.196611e-04 7.623560e-04
5.308083e-04 -5.826445e-04
5.675066e-04 1.113080e-03
5.724136e-04 -9.050935e-04
6.109766e-04 1.513580e-03
6.042588e-04 -1.334412e-03
6.666253e-04 1.964940e-03
7.262251e-04 2.508393e-03
7.775803e-04 3.231534e-03
9.522105e-04 4.220481e-03
3.418553e-04 -1.210393e-05
3.639600e-04 1.611496e-04
3.803132e-04 -7.486663e-05
4.017277e-04 3.994582e-04
4.071146e-04 -2.860489e-04
4.458463e-04 6.788762e-04
4.713810e-04 -5.196446e-04
4.878275e-04 9.988316e-04
4.990777e-04 -7.887107e-04
5.249275e-04 1.352944e-03
5.243038e-04 -1.152671e-03
5.635625e-04 1.741351e-03
6.098641e-04 2.178063e-03
6.387696e-04 2.735568e-03
6.297562e-04 3.475095e-03
7.228752e-04 4.489572e-03
3.022361e-04 -1.113660e-04
3.129395e-04 9.677811e-05
3.397292e-04 3.307557e-04
3.485453e-04 -1.982558e-04
3.776735e-04 6.004233e-04
3.673801e-04 -4.847951e-04
4.154985e-04 8.948603e-04
4.305104e-04 -6.321466e-04
4.498184e-04 1.216721e-03
4.522693e-04 -9.796444e-04
4.775696e-04 1.554424e-03
5.118348e-04 1.914375e-03
5.374367e-04 2.346466e-03
5.255621e-04 2.906802e-03
4.346594e-04 3.630670e-03
2.528157e-04 4.536352e-03
2.625347e-04 -1.805748e-06
2.542903e-04 -2.564143e-04
2.820650e-04 2.489583e-04
3.138975e-04 5.178266e-04
3.064382e-04 -3.689126e-04
3.490688e-04 8.011311e-04
3.197416e-04 -6.794480e-04
3.810743e-04 1.099891e-03
3.842342e-04 -8.166438e-04
4.082861e-04 1.402693e-03
4.294204e-04 1.702079e-03
4.491612e-04 2.047680e-03
4.481830e-04 2.477093e-03
3.868845e-04 3.009742e-03
2.083545e-04 3.698461e-03
-2.259415e-04 4.531562e-03
2.249007e-04 1.501375e-04
2.081900e-04 -1.301484e-04
2.044947e-04 -4.157389e-04
2.526673e-04 4.258422e-04
2.854490e-04 7.030912e-04
2.599053e-04 -5.464473e-04
3.157384e-04 9.912121e-04
3.429155e-04 1.285970e-03
3.640919e-04 1.534674e-03
3.741898e-04 1.806388e-03
3.749269e-04 2.147243e-03
3.440088e-04 2.556511e-03
2.288532e-04 3.045007e-03
-2.901890e-05 3.688592e-03
-6.893875e-04 4.471955e-03
1.649903e-04 2.279775e-05
1.912012e-04 3.191484e-04
1.532931e-04 -2.765742e-04
2.230925e-04 6.010761e-04
2.526183e-04 8.814377e-04
2.794243e-04 1.171738e-03
3.207395e-04 1.423413e-03
3.141993e-04 1.614405e-03
3.096739e-04 1.879677e-03
2.872576e-04 2.200595e-03
2.237107e-04 2.583018e-03
6.254309e-05 3.031329e-03
-2.559735e-04 3.599557e-03
-9.161616e-04 4.201298e-03
1.268003e-04 1.984997e-04
1.037679e-04 -1.182835e-04
1.600664e-04 4.956810e-04
1.902273e-04 7.679841e-04
2.169957e-04 1.024359e-03
2.348835e-04 1.278137e-03
2.747996e-04 1.444121e-03
2.563868e-04 1.661293e-03
2.358846e-04 1.920519e-03
1.914446e-04 2.227088e-03
9.555322e-05 2.575014e-03
-1.054640e-04 2.968683e-03
-4.559375e-04 3.420923e-03
-1.005524e-03 3.811236e-03
5.961923e-05 6.961763e-05
9.547118e-05 3.937689e-04
1.289426e-04 6.753643e-04
1.586095e-04 9.210857e-04
1.805721e-04 1.147401e-03
1.892934e-04 1.338836e-03
2.194885e-04 1.479858e-03
1.923793e-04 1.689625e-03
1.546802e-04 1.937360e-03
8.997273e-05 2.224510e-03
-3.687958e-05 2.524137e-03
-2.668355e-04 2.847379e-03
-6.175753e-04 3.169105e-03
-1.071146e-03 3.401981e-03
2.691900e-05 2.900200e-04
6.535719e-05 5.922238e-04
1.003843e-04 8.403311e-04
1.291016e-04 1.067132e-03
1.478569e-04 1.247839e-03
1.429701e-04 1.357859e-03
1.625573e-04 1.500307e-03
1.220324e-04 1.699234e-03
6.899004e-05 1.934641e-03
-1.714600e-05 2.183613e-03
-1.715897e-04 2.425684e-03
-4.146935e-04 2.672692e-03
-7.483074e-04 2.890685e-03
-1.125506e-03 3.000252e-03
-4.740705e-05 1.900602e-04
-2.019225e-06 5.159994e-04
4.037735e-05 7.700764e-04
7.432756e-05 9.958198e-04
1.017583e-04 1.204083e-03
9.235413e-05 1.343912e-03
1.014446e-04 1.502650e-03
4.645260e-05 1.689364e-03
-2.336211e-05 1.899667e-03
-1.309893e-04 2.100336e-03
-3.030411e-04 2.289691e-03
-5.465345e-04 2.466330e-03
-8.540284e-04 2.608660e-03
-1.152288e-03 2.537088e-03
-6.784177e-05 4.329111e-04
-2.153290e-05 7.179960e-04
1.782441e-05 9.310697e-04
5.018942e-05 1.149967e-03
3.633129e-05 1.308034e-03
3.607374e-05 1.481436e-03
-3.354519e-05 1.647350e-03
-1.216328e-04 1.821122e-03
-2.455575e-04 1.983610e-03
-4.257267e-04 2.130328e-03
-6.588438e-04 2.252788e-03
-9.340827e-04 2.261844e-03
-1.306044e-04 3.502715e-04
-1.072086e-04 5.955894e-04
-3.719036e-05 8.805516e-04
-7.295769e-05 7.111232e-04
-4.983558e-06 1.087452e-03
-2.267082e-05 1.252008e-03
-3.249372e-05 1.433457e-03
-1.159436e-04 1.573751e-03
-2.185682e-04 1.717764e-03
-3.543209e-04 1.846271e-03
-5.338427e-04 1.954244e-03
-7.578713e-04 1.968417e-03
-1.568253e-04 4.812973e-04
-1.892588e-04 3.375196e-04
-1.593139e-04 6.872906e-04
-9.179907e-05 8.290957e-04
-5.979942e-05 1.023066e-03
-8.247539e-05 1.182079e-03
-1.018874e-04 1.363357e-03
-1.968732e-04 1.478260e-03
-3.114085e-04 1.597352e-03
-4.520261e-04 1.695510e-03
-6.329688e-04 1.721187e-03
-2.017275e-04 5.527710e-04
-2.051764e-04 7.717383e-04
-1.335915e-04 8.016424e-04
-1.109466e-04 9.649942e-04
-1.400906e-04 1.101111e-03
-1.697663e-04 1.274278e-03
-2.738329e-04 1.371423e-03
-3.956936e-04 1.467336e-03
-5.425296e-04 1.502300e-03
-2.488161e-04 6.372722e-04
-1.598221e-04 8.832395e-04
-2.488664e-04 8.914671e-04
-1.957256e-04 1.005563e-03
-2.349529e-04 1.172860e-03
-3.462168e-04 1.251435e-03
-4.729369e-04 1.309779e-03
-2.999229e-04 7.659352e-04
-2.973342e-04 1.059184e-03
-4.124540e-04 1.126223e-03
-3.553762e-04 9.318780e-04
-1.172753e-03 2.048696e-03
-9.910810e-04 1.817291e-03
-1.187571e-03 1.570829e-03
-8.400031e-04 1.603981e-03
-1.031296e-03 1.386222e-03
-1.196068e-03 1.093482e-03
-7.186619e-04 1.408936e-03
-8.954079e-04 1.222981e-03
-1.053234e-03 9.611799e-04
-1.198848e-03 6.224296e-04
-6.212495e-04 1.240542e-03
-7.785457e-04 1.079005e-03
-9.252702e-04 8.498239e-04
-1.059586e-03 5.481069e-04
-1.199797e-03 1.571880e-04
-5.407362e-04 1.090636e-03
-6.784800e-04 9.535234e-04
-8.111968e-04 7.537157e-04
-9.348328e-04 4.889010e-04
-1.062751e-03 1.467862e-04
-1.201376e-03 -3.064399e-04
-4.715950e-04 9.595631e-04
-5.929010e-04 8.469956e-04
-7.104505e-04 6.724766e-04
-8.229669e-04 4.396368e-04
-9.399519e-04 1.383851e-04
-1.066455e-03 -2.525088e-04
-1.201739e-03 -7.739588e-04
-4.094467e-04 8.166746e-04
-5.203399e-04 7.624104e-04
-6.223920e-04 6.077994e-04
-7.234008e-04 4.006999e-04
-8.292664e-04 1.332894e-04
-9.449471e-04 -2.087209e-04
-1.067651e-03 -6.583416e-04
-1.198920e-03 -1.248582e-03
-3.522967e-04 6.253050e-04
-4.587371e-04 6.976669e-04
-5.450334e-04 5.624921e-04
-6.337432e-04 3.718198e-04
-7.301957e-04 1.302068e-04
-8.345078e-04 -1.720718e-04
-9.450777e-04 -5.647959e-04
-1.060230e-03 -1.078092e-03
-1.192368e-03 -1.723157e-03
-4.103954e-04 5.486857e-04
-2.988827e-04 4.984655e-04
-4.765113e-04 5.354872e-04
-5.515730e-04 3.531523e-04
-6.405163e-04 1.293786e-04
-7.348484e-04 -1.398615e-04
-8.338556e-04 -4.844856e-04
-9.341657e-04 -9.325993e-04
-1.043764e-03 -1.498626e-03
-1.184774e-03 -2.193635e-03
-4.003189e-04 3.426382e-04
-2.418385e-04 3.956985e-04
-3.311724e-04 3.274684e-04
-4.749222e-04 3.443423e-04
-5.577712e-04 1.287486e-04
-6.445236e-04 -1.148811e-04
-7.335211e-04 -4.175215e-04
-8.211870e-04 -8.076660e-04
-9.107310e-04 -1.302524e-03
-1.021386e-03 -1.909182e-03
-1.176251e-03 -2.656780e-03
-4.073782e-04 1.276881e-04
-2.744853e-04 2.917433e-04
-3.371991e-04 1.245043e-04
-4.805761e-04 1.284202e-04
-5.618015e-04 -9.668458e-05
-6.429224e-04 -3.615845e-04
-7.207455e-04 -6.989779e-04
-7.936633e-04 -1.130800e-03
-8.780645e-04 -1.655220e-03
-9.958497e-04 -2.295093e-03
-1.160245e-03 -3.115312e-03
-4.131074e-04 -8.171230e-05
-2.667105e-04 1.310245e-04
-3.438088e-04 -8.133512e-05
-4.850629e-04 -8.613286e-05
-5.612647e-04 -3.207459e-04
-6.308520e-04 -6.074785e-04
-6.927901e-04 -9.801985e-04
-7.544640e-04 -1.438000e-03
-8.390332e-04 -1.972438e-03
-9.616824e-04 -2.666303e-03
-1.131422e-03 -3.571959e-03
-4.187418e-04 -2.836119e-04
-1.964931e-04 1.341443e-04
-2.750401e-04 -8.496135e-05
-3.536581e-04 -2.826369e-04
-4.873032e-04 -2.952198e-04
-5.519105e-04 -5.375087e-04
-6.058227e-04 -8.532693e-04
-6.512361e-04 -1.256449e-03
-7.095105e-04 -1.710266e-03
-7.950100e-04 -2.259370e-03
-9.035069e-04 -3.030174e-03
-1.077326e-03 -4.001525e-03
-4.196468e-04 -4.675952e-04
-2.045295e-04 -9.338929e-05
-1.220827e-04 1.408750e-04
-2.887215e-04 -2.897615e-04
-3.608447e-04 -4.626268e-04
-4.822618e-04 -4.909386e-04
-5.309439e-04 -7.501162e-04
-5.650663e-04 -1.095445e-03
-6.034447e-04 -1.492118e-03
-6.600622e-04 -1.941063e-03
-7.354425e-04 -2.542871e-03
-8.050804e-04 -3.358392e-03
-9.884764e-04 -4.386631e-03
-4.138621e-04 -6.183102e-04
-1.300880e-04 -1.127874e-04
-2.226872e-04 -3.085686e-04
-3.018921e-04 -4.742255e-04
-3.647859e-04 -6.087233e-04
-4.673413e-04 -6.706163e-04
-4.930889e-04 -9.513405e-04
-5.149563e-04 -1.291371e-03
-5.506289e-04 -1.676283e-03
-6.022630e-04 -2.155533e-03
-6.496581e-04 -2.804665e-03
-6.533476e-04 -3.612889e-03
-7.603649e-04 -4.659672e-03
-3.872540e-04 -7.256611e-04
-1.551525e-04 -3.443379e-04
-6.949645e-05 -1.790772e-04
-2.409991e-04 -5.039794e-04
-3.159009e-04 -6.341912e-04
-4.342768e-04 -8.242224e-04
-4.436837e-04 -1.106468e-03
-4.610621e-04 -1.441167e-03
-4.920635e-04 -1.844544e-03
-5.305290e-04 -2.358887e-03
-5.298958e-04 -2.994266e-03
-4.553635e-04 -3.768429e-03
-2.910942e-04 -4.705070e-03
-3.437051e-04 -7.865946e-04
-8.084545e-05 -3.919980e-04
-1.783701e-04 -5.530933e-04
-1.367818e-05 -6.863981e-05
-2.619795e-04 -6.827246e-04
-3.880368e-04 -9.401856e-04
-3.898753e-04 -1.232467e-03
-4.021000e-04 -1.581472e-03
-4.270782e-04 -2.005714e-03
-4.394541e-04 -2.517815e-03
-3.835474e-04 -3.100150e-03
-2.293008e-04 -3.840842e-03
1.885146e-04 -4.699656e-03
-2.930090e-04 -8.603343e-04
-1.105807e-05 -4.829387e-04
-1.140655e-04 -6.204687e-04
-2.035812e-04 -7.516083e-04
4.188351e-05 -2.823841e-04
-3.358134e-04 -1.042219e-03
-3.315073e-04 -1.354089e-03
-3.383128e-04 -1.710690e-03
-3.516694e-04 -2.134809e-03
-3.281557e-04 -2.605046e-03
-2.259931e-04 -3.147517e-03
8.165816e-06 -3.836644e-03
6.541649e-04 -4.640759e-03
-2.361904e-04 -9.493683e-04
5.337079e-05 -6.172999e-04
-4.891749e-05 -7.109057e-04
-1.425277e-04 -8.330735e-04
1.008133e-04 -4.363881e-04
-2.783970e-04 -1.149300e-03
-2.692169e-04 -1.466402e-03
-2.696066e-04 -1.819403e-03
-2.629858e-04 -2.214868e-03
-2.095656e-04 -2.647316e-03
-6.261486e-05 -3.145906e-03
2.364908e-04 -3.750072e-03
8.810933e-04 -4.366486e-03
-1.765918e-04 -1.041139e-03
1.443491e-05 -8.158863e-04
1.137115e-04 -7.455655e-04
-8.103041e-05 -9.222982e-04
1.569394e-04 -5.767210e-04
-2.177377e-04 -1.249114e-03
-2.034936e-04 -1.559448e-03
-1.951839e-04 -1.894249e-03
-1.669948e-04 -2.256053e-03
-8.601287e-05 -2.661704e-03
1.019445e-04 -3.096435e-03
4.362874e-04 -3.573108e-03
9.695058e-04 -3.970861e-03
-1.157238e-04 -1.130262e-03
7.435477e-05 -9.233512e-04
-2.061719e-05 -1.015394e-03
1.734969e-04 -8.801967e-04
2.150328e-04 -7.161879e-04
-1.547661e-04 -1.337187e-03
-1.357717e-04 -1.628968e-03
-1.151513e-04 -1.933676e-03
-6.838525e-05 -2.275712e-03
4.364511e-05 -2.627001e-03
2.580610e-04 -2.985436e-03
5.966741e-04 -3.325607e-03
1.035259e-03 -3.566174e-03
-5.549550e-05 -1.211153e-03
1.307381e-04 -1.042455e-03
3.640639e-05 -1.106036e-03
2.327614e-04 -1.026671e-03
2.762872e-04 -8.593910e-04
-9.074961e-05 -1.410346e-03
-6.693860e-05 -1.671621e-03
-3.265061e-05 -1.954514e-03
3.498644e-05 -2.263336e-03
1.730351e-04 -2.544364e-03
4.029207e-04 -2.816344e-03
7.221829e-04 -3.045618e-03
1.084359e-03 -3.160328e-03
2.470480e-06 -1.279221e-03
8.852787e-05 -1.188430e-03
1.853910e-04 -1.200478e-03
2.899638e-04 -1.178279e-03
3.384937e-04 -1.006182e-03
-2.863136e-05 -1.460163e-03
2.687187e-06 -1.691349e-03
5.242427e-05 -1.947966e-03
1.436865e-04 -2.198267e-03
3.015617e-04 -2.416269e-03
5.350665e-04 -2.617005e-03
8.275805e-04 -2.764059e-03
1.112501e-03 -2.695971e-03
5.522786e-05 -1.331331e-03
1.360428e-04 -1.313165e-03
2.376850e-04 -1.337674e-03
3.438932e-04 -1.346953e-03
4.009671e-04 -1.174153e-03
3.150441e-05 -1.489025e-03
7.299452e-05 -1.690873e-03
1.405907e-04 -1.903259e-03
2.529656e-04 -2.091331e-03
4.213046e-04 -2.253243e-03
6.460823e-04 -2.397089e-03
9.046900e-04 -2.404169e-03
9.698681e-05 -1.371131e-03
1.510884e-04 -1.483982e-03
2.816389e-04 -1.489590e-03
1.982813e-04 -1.471584e-03
3.946034e-04 -1.552540e-03
4.647789e-04 -1.370375e-03
9.143187e-05 -1.496712e-03
1.434567e-04 -1.666968e-03
2.304879e-04 -1.818904e-03
3.570579e-04 -1.954520e-03
5.269714e-04 -2.073835e-03
7.405168e-04 -2.113745e-03
2.144310e-04 -1.601471e-03
3.163185e-04 -1.699665e-03
4.507019e-04 -1.791995e-03
5.338793e-04 -1.593773e-03
6.210104e-04 -1.843637e-03
