-1.174840e-03 -1.536197e-03
-1.054350e-03 -1.354669e-03
-1.178806e-03 -1.186330e-03
-9.447074e-04 -1.187369e-03
-1.065105e-03 -1.038836e-03
-1.181413e-03 -8.310920e-04
-8.477784e-04 -1.038874e-03
-9.622574e-04 -9.053455e-04
-1.073737e-03 -7.180707e-04
-1.182861e-03 -4.738151e-04
-7.627137e-04 -9.096867e-04
-8.692883e-04 -7.847713e-04
-9.740428e-04 -6.141289e-04
-1.077205e-03 -3.915428e-04
-1.182339e-03 -1.194488e-04
-6.869506e-04 -7.922776e-04
-7.851793e-04 -6.786548e-04
-8.825299e-04 -5.229807e-04
-9.792676e-04 -3.205377e-04
-1.075343e-03 -7.091197e-05
-1.181049e-03 2.300559e-04
-6.181773e-04 -6.876584e-04
-7.090625e-04 -5.831525e-04
-6.544303e-04 -9.974009e-04
-7.984766e-04 -4.409390e-04
-8.882817e-04 -2.569243e-04
-9.767647e-04 -3.082547e-05
-1.071811e-03 2.418807e-04
-1.181247e-03 5.790224e-04
-5.547806e-04 -6.008615e-04
-6.400878e-04 -4.990275e-04
-5.861127e-04 -8.761142e-04
-7.218643e-04 -3.680316e-04
-8.040817e-04 -2.007673e-04
-8.853053e-04 3.982106e-06
-9.718427e-04 2.504357e-04
-1.071964e-03 5.523656e-04
-1.180541e-03 9.305271e-04
-4.957309e-04 -5.218691e-04
-5.240979e-04 -7.625205e-04
-5.756039e-04 -4.243977e-04
-6.512908e-04 -3.026767e-04
-5.457104e-04 -1.036540e-03
-7.264270e-04 -1.504975e-04
-8.010636e-04 3.509657e-05
-8.802153e-04 2.578159e-04
-9.717901e-04 5.293214e-04
-1.070473e-03 8.668275e-04
-1.178183e-03 1.284993e-03
-4.437210e-04 -4.481932e-04
-4.661705e-04 -6.473493e-04
-5.151009e-04 -3.609769e-04
-4.829067e-04 -8.807613e-04
-5.852483e-04 -2.450564e-04
-6.544097e-04 -1.062940e-04
-7.236019e-04 6.187561e-05
-7.963474e-04 2.639669e-04
-8.795603e-04 5.092154e-04
-9.692561e-04 8.124545e-04
-1.064487e-03 1.189369e-03
-1.174626e-03 1.641483e-03
-3.960137e-04 -3.947164e-04
-4.178037e-04 -5.427294e-04
-4.593722e-04 -3.091914e-04
-4.275062e-04 -7.283630e-04
-5.235622e-04 -1.967657e-04
-5.875276e-04 -6.731864e-05
-6.520625e-04 8.587421e-05
-7.193976e-04 2.693206e-04
-7.947217e-04 4.908969e-04
-8.755958e-04 7.636051e-04
-9.601119e-04 1.104162e-03
-1.054021e-03 1.515727e-03
-1.167839e-03 1.997845e-03
-3.482457e-04 -3.674770e-04
-4.066924e-04 -2.676328e-04
-3.872786e-04 -4.768032e-04
-3.820803e-04 -6.001760e-04
-4.662981e-04 -1.565568e-04
-5.252382e-04 -3.293123e-05
-5.858675e-04 1.077650e-04
-6.487439e-04 2.742341e-04
-7.172333e-04 4.738022e-04
-7.892163e-04 7.205711e-04
-8.645849e-04 1.028094e-03
-9.448116e-04 1.402081e-03
-1.036813e-03 1.842207e-03
-1.158791e-03 2.354292e-03
-2.972823e-04 -3.564154e-04
-3.547608e-04 -2.344138e-04
-3.538992e-04 -4.858536e-04
-4.121505e-04 -1.226647e-04
-4.675943e-04 -3.990966e-06
-5.246125e-04 1.267608e-04
-5.838640e-04 2.789739e-04
-6.461561e-04 4.602393e-04
-7.103253e-04 6.827105e-04
-7.772142e-04 9.590547e-04
-8.466565e-04 1.297903e-03
-9.198229e-04 1.700472e-03
-1.011027e-03 2.171100e-03
-1.148216e-03 2.717602e-03
-2.380352e-04 -3.466727e-04
-3.008849e-04 -2.027398e-04
-3.067530e-04 -5.010193e-04
-3.598404e-04 -9.118370e-05
-4.134585e-04 2.222787e-05
-4.679117e-04 1.443429e-04
-5.241101e-04 2.839800e-04
-5.814564e-04 4.491939e-04
-6.384362e-04 6.491632e-04
-6.974635e-04 8.969257e-04
-7.579056e-04 1.203697e-03
-8.171729e-04 1.570541e-03
-8.827969e-04 2.000801e-03
-9.796444e-04 2.517571e-03
-1.136597e-03 3.082898e-03
-2.420010e-04 -1.697184e-04
-1.686637e-04 -3.359102e-04
-2.501116e-04 -5.222032e-04
-3.083548e-04 -5.909658e-05
-3.617936e-04 4.826698e-05
-4.151855e-04 1.615657e-04
-4.695352e-04 2.886754e-04
-5.223192e-04 4.414494e-04
-5.724787e-04 6.234821e-04
-6.249923e-04 8.424752e-04
-6.778561e-04 1.117778e-03
-7.271907e-04 1.450817e-03
-7.743207e-04 1.845632e-03
-8.334758e-04 2.315193e-03
-9.425668e-04 2.846243e-03
-1.115620e-03 3.418402e-03
-1.747908e-04 -1.232133e-04
-2.491181e-04 8.318361e-06
-8.521018e-05 -3.125116e-04
-1.830046e-04 -5.504938e-04
-3.123887e-04 7.415405e-05
-3.653275e-04 1.821284e-04
-4.203574e-04 2.928483e-04
-4.676423e-04 4.342001e-04
-5.119006e-04 6.032329e-04
-5.591304e-04 7.975745e-04
-6.053790e-04 1.041801e-03
-6.473854e-04 1.342141e-03
-6.820544e-04 1.699823e-03
-7.150344e-04 2.117612e-03
-7.706354e-04 2.576766e-03
-8.826901e-04 3.094113e-03
-1.081042e-03 3.727784e-03
-1.002078e-04 -5.670549e-05
-1.832310e-04 8.789881e-05
-2.671756e-04 1.070401e-04
1.996264e-06 -2.247817e-04
-1.022839e-04 -5.937681e-04
-3.167121e-04 2.087712e-04
-3.768995e-04 2.982496e-04
-4.171525e-04 4.237769e-04
-4.544325e-04 5.891923e-04
-4.989741e-04 7.628592e-04
-5.400829e-04 9.764481e-04
-5.766324e-04 1.243016e-03
-6.034435e-04 1.567922e-03
-6.213641e-04 1.952454e-03
-6.453098e-04 2.359990e-03
-7.009885e-04 2.801450e-03
-8.138027e-04 3.344110e-03
-1.042415e-03 4.051259e-03
-1.104798e-04 1.754759e-04
-2.362026e-05 3.448503e-05
-1.991311e-04 3.019109e-04
-2.623988e-04 2.396726e-04
9.423595e-05 -4.584681e-05
-3.359829e-04 3.315626e-04
-3.725788e-04 4.023179e-04
-3.977881e-04 5.763713e-04
-4.443979e-04 7.378511e-04
-4.816322e-04 9.220302e-04
-5.122662e-04 1.156114e-03
-5.353209e-04 1.446819e-03
-5.447578e-04 1.788905e-03
-5.510576e-04 2.157895e-03
-5.686594e-04 2.541261e-03
-6.189510e-04 2.999738e-03
-7.292851e-04 3.585203e-03
-9.880325e-04 4.362325e-03
-4.491362e-05 2.368376e-04
-1.298504e-04 4.030571e-04
4.747794e-05 1.497607e-04
-2.288383e-04 5.285343e-04
-2.897900e-04 4.271403e-04
1.676113e-04 1.891827e-04
-3.387617e-04 5.426380e-04
-3.928660e-04 7.244465e-04
-4.301545e-04 8.801590e-04
-4.536724e-04 1.083463e-03
-4.743463e-04 1.338021e-03
-4.826360e-04 1.634316e-03
-4.785105e-04 1.956041e-03
-4.743206e-04 2.302555e-03
-4.820286e-04 2.700413e-03
-5.225559e-04 3.187265e-03
-6.218373e-04 3.809932e-03
-9.126494e-04 4.656263e-03
1.328203e-05 3.101620e-04
-2.640210e-05 4.081072e-04
-6.559875e-05 5.150969e-04
-1.599048e-04 6.252855e-04
1.114424e-04 3.232687e-04
-2.598296e-04 7.691338e-04
2.247430e-04 4.376908e-04
-3.162323e-04 6.895028e-04
-3.476632e-04 7.733073e-04
-3.857796e-04 8.453671e-04
-4.008848e-04 1.022725e-03
-4.187713e-04 1.243449e-03
-4.281184e-04 1.496870e-03
-4.238392e-04 1.773394e-03
-4.078905e-04 2.086282e-03
-3.905725e-04 2.439955e-03
-3.857144e-04 2.852791e-03
-4.141344e-04 3.359161e-03
-4.852689e-04 4.005772e-03
-7.291164e-04 4.863603e-03
6.653244e-05 4.420032e-04
2.568103e-05 5.253684e-04
-1.165871e-05 6.252632e-04
-9.562735e-05 7.130079e-04
-1.925072e-04 8.567667e-04
1.686806e-04 5.356533e-04
-3.001955e-04 9.151150e-04
-3.510284e-04 9.651985e-04
-3.681107e-04 1.165957e-03
-3.777093e-04 1.378637e-03
-3.785537e-04 1.611570e-03
-3.614615e-04 1.888453e-03
-3.297786e-04 2.209312e-03
-2.983912e-04 2.567510e-03
-2.811649e-04 2.989877e-03
-2.899408e-04 3.501170e-03
-3.161417e-04 4.152060e-03
-3.568172e-04 4.917263e-03
1.139988e-04 6.152692e-04
6.262753e-05 6.599997e-04
-3.811168e-05 7.785707e-04
2.417153e-05 6.875045e-04
-1.252902e-04 9.155272e-04
-2.140932e-04 1.063855e-03
-2.694661e-04 1.067683e-03
-3.204904e-04 1.107950e-03
-3.340535e-04 1.288056e-03
-3.367768e-04 1.475437e-03
-3.253979e-04 1.706072e-03
-2.912503e-04 1.999007e-03
-2.454386e-04 2.323036e-03
-2.002714e-04 2.684655e-03
-1.696230e-04 3.105656e-03
-1.512027e-04 3.606811e-03
-1.212039e-04 4.239702e-03
3.168915e-05 4.934422e-03
1.477101e-04 8.234298e-04
8.011097e-05 8.300815e-04
-6.198197e-05 9.695754e-04
1.937530e-05 8.166480e-04
-1.524521e-04 1.125168e-03
-2.239391e-04 1.191743e-03
-2.604153e-04 1.193359e-03
-2.963734e-04 1.225578e-03
-3.000390e-04 1.368292e-03
-2.925212e-04 1.547619e-03
-2.652730e-04 1.799969e-03
-2.153299e-04 2.101002e-03
-1.558958e-04 2.422747e-03
-9.718105e-05 2.781389e-03
-5.099931e-05 3.190912e-03
-2.676893e-06 3.672140e-03
8.811213e-05 4.271874e-03
4.212750e-04 4.921498e-03
1.402432e-04 1.081614e-03
6.781669e-05 1.042490e-03
-9.130466e-05 1.180990e-03
1.589475e-06 1.008921e-03
-1.816518e-04 1.241370e-03
-2.306280e-04 1.261025e-03
-2.521048e-04 1.251602e-03
-2.708472e-04 1.291906e-03
-2.639722e-04 1.420090e-03
-2.419040e-04 1.620499e-03
-1.987095e-04 1.890047e-03
-1.349912e-04 2.192275e-03
-6.307986e-05 2.511200e-03
7.180164e-06 2.856681e-03
7.043032e-05 3.243739e-03
1.502288e-04 3.700537e-03
2.987096e-04 4.252472e-03
7.984717e-04 4.872815e-03
2.107888e-04 1.171960e-03
1.018304e-04 1.332523e-03
3.595547e-05 1.272045e-03
-2.780232e-05 1.224299e-03
-1.068610e-04 1.384070e-03
-1.610067e-04 1.362811e-03
-2.063756e-04 1.275484e-03
-2.417692e-04 1.327259e-03
-2.209550e-04 1.470143e-03
-1.843001e-04 1.693702e-03
-1.274783e-04 1.973027e-03
-5.238032e-05 2.271851e-03
2.942257e-05 2.576138e-03
1.097288e-04 2.900924e-03
1.918481e-04 3.267386e-03
3.018434e-04 3.692051e-03
4.976122e-04 4.178111e-03
9.869327e-04 4.665866e-03
1.667981e-04 1.411596e-03
2.729449e-04 1.322067e-03
7.917692e-05 1.539246e-03
1.634371e-05 1.479860e-03
-4.610512e-05 1.427715e-03
-1.137153e-04 1.569215e-03
-2.060178e-04 1.349406e-03
-1.703352e-04 1.518729e-03
-1.220432e-04 1.763479e-03
-5.445913e-05 2.045616e-03
2.847459e-05 2.330274e-03
1.185469e-04 2.615477e-03
2.102293e-04 2.919083e-03
3.102089e-04 3.263307e-03
4.478260e-04 3.645645e-03
6.744165e-04 4.045610e-03
1.069343e-03 4.380864e-03
1.399129e-04 1.603103e-03
2.284779e-04 1.506494e-03
3.311074e-04 1.462063e-03
7.070302e-05 1.731382e-03
8.882750e-06 1.679469e-03
-5.345570e-05 1.624311e-03
-5.689406e-05 1.828523e-03
1.668837e-05 2.099131e-03
1.050628e-04 2.362566e-03
2.049627e-04 2.632167e-03
3.073040e-04 2.917258e-03
4.228427e-04 3.230654e-03
5.810252e-04 3.556106e-03
8.158366e-04 3.861446e-03
1.126498e-03 4.075846e-03
1.968850e-04 1.667429e-03
1.301552e-04 1.777898e-03
2.890698e-04 1.616185e-03
3.914282e-04 1.618574e-03
7.213471e-05 1.924948e-03
8.755198e-06 1.884513e-03
8.364831e-05 2.129893e-03
1.776269e-04 2.372406e-03
2.881336e-04 2.629363e-03
3.986401e-04 2.892775e-03
5.249065e-04 3.160247e-03
6.952416e-04 3.418162e-03
9.198959e-04 3.635110e-03
1.161965e-03 3.743914e-03
1.851759e-04 1.817453e-03
2.557301e-04 1.773712e-03
1.312377e-04 1.949570e-03
3.515707e-04 1.750605e-03
4.554241e-04 1.771104e-03
1.450474e-04 2.139021e-03
2.465033e-04 2.363700e-03
3.670224e-04 2.608811e-03
4.802717e-04 2.839047e-03
6.148173e-04 3.047302e-03
7.876834e-04 3.237363e-03
9.898715e-04 3.370817e-03
1.181526e-03 3.396599e-03
1.851809e-04 1.964611e-03
2.305152e-04 1.859099e-03
3.175374e-04 1.906095e-03
4.196408e-04 1.908127e-03
5.265445e-04 1.932222e-03
2.013955e-04 2.134065e-03
3.122347e-04 2.332343e-03
4.367449e-04 2.585439e-03
5.516252e-04 2.748516e-03
6.909581e-04 2.898236e-03
8.553983e-04 3.018592e-03
1.030734e-03 3.077699e-03
2.358339e-04 1.968202e-03
2.896239e-04 2.034552e-03
3.874420e-04 2.059110e-03
4.929974e-04 2.073940e-03
6.036388e-04 2.100196e-03
2.523034e-04 2.114379e-03
3.597702e-04 2.235289e-03
4.287882e-04 2.372824e-03
4.936764e-04 2.521545e-03
6.104108e-04 2.624156e-03
7.482789e-04 2.719628e-03
9.000044e-04 2.776643e-03
4.620484e-04 2.222799e-03
5.714800e-04 2.258542e-03
6.907501e-04 2.290806e-03
5.353677e-04 2.402878e-03
6.552313e-04 2.468814e-03
7.887272e-04 2.514032e-03
1.517635e-04 -4.492809e-03
3.107586e-05 -3.873746e-03
-1.792040e-04 -4.497491e-03
4.787887e-04 -4.465870e-03
-3.143627e-05 -3.351807e-03
2.210499e-04 -3.826773e-03
-1.626916e-04 -3.878292e-03
-5.076166e-04 -4.479742e-03
7.928407e-04 -4.410967e-03
-7.646527e-05 -2.949648e-03
1.092785e-04 -3.312369e-03
-1.741782e-04 -3.353980e-03
3.981394e-04 -3.733956e-03
-3.523179e-04 -3.845020e-03
-8.253034e-04 -4.430548e-03
9.566803e-04 -4.216264e-03
-1.021894e-04 -2.652445e-03
3.475739e-05 -2.919505e-03
-1.868249e-04 -2.951993e-03
2.445656e-04 -3.237794e-03
-3.145465e-04 -3.323366e-03
5.523592e-04 -3.585841e-03
-5.303378e-04 -3.759473e-03
-9.865752e-04 -4.226588e-03
1.024921e-03 -3.922502e-03
-1.281051e-05 -2.623893e-03
-1.892713e-04 -2.647425e-03
-1.055217e-04 -2.452207e-03
1.432593e-04 -2.853884e-03
-2.943443e-04 -2.921833e-03
3.691823e-04 -3.118556e-03
-4.485663e-04 -3.250891e-03
6.763389e-04 -3.383138e-03
-6.864639e-04 -3.613338e-03
-1.057589e-03 -3.934951e-03
1.072796e-03 -3.605253e-03
-4.676139e-05 -2.389765e-03
7.447104e-05 -2.553243e-03
-1.582809e-04 -2.390492e-03
-2.711739e-04 -2.600582e-03
2.483002e-04 -2.749272e-03
-3.974087e-04 -2.849600e-03
4.804596e-04 -2.958584e-03
-5.712090e-04 -3.128212e-03
7.729385e-04 -3.151272e-03
-8.103199e-04 -3.409903e-03
-1.106200e-03 -3.621148e-03
1.109065e-03 -3.281372e-03
2.942540e-05 -2.315844e-03
-6.089055e-05 -2.224503e-03
1.662600e-04 -2.451706e-03
-1.101337e-04 -2.177830e-03
-2.274697e-04 -2.327560e-03
-3.526197e-04 -2.517687e-03
3.497265e-04 -2.612471e-03
-4.943995e-04 -2.731771e-03
5.789727e-04 -2.770303e-03
-6.747934e-04 -2.954954e-03
8.495771e-04 -2.900337e-03
-8.992655e-04 -3.160668e-03
-1.134775e-03 -3.279300e-03
1.142286e-03 -2.968798e-03
-7.384666e-06 -2.123076e-03
1.103821e-04 -2.208898e-03
2.593597e-04 -2.323491e-03
-5.088412e-05 -1.979534e-03
-1.664164e-04 -2.082417e-03
-2.925661e-04 -2.220682e-03
-4.276364e-04 -2.386289e-03
4.447904e-04 -2.455752e-03
-5.774024e-04 -2.562099e-03
6.661599e-04 -2.574208e-03
-7.559412e-04 -2.737498e-03
9.149355e-04 -2.645920e-03
-9.582598e-04 -2.875960e-03
-1.151509e-03 -2.927967e-03
1.165596e-03 -2.637514e-03
6.538313e-05 -1.991517e-03
1.955482e-04 -2.077531e-03
3.504887e-04 -2.179909e-03
2.320967e-05 -1.806012e-03
-9.673199e-05 -1.861246e-03
-2.190899e-04 -1.953028e-03
-3.518625e-04 -2.081838e-03
-4.916844e-04 -2.223356e-03
5.335134e-04 -2.285596e-03
-6.436445e-04 -2.364644e-03
7.412617e-04 -2.369973e-03
-8.135932e-04 -2.490395e-03
9.693885e-04 -2.382095e-03
-9.916348e-04 -2.566935e-03
-1.160279e-03 -2.581295e-03
1.175507e-03 -2.271892e-03
1.449525e-04 -1.850846e-03
2.802608e-04 -1.933871e-03
4.359597e-04 -2.026437e-03
-1.832591e-05 -1.645608e-03
1.040639e-04 -1.631443e-03
-1.422983e-04 -1.715647e-03
-2.689443e-04 -1.810578e-03
-4.037743e-04 -1.926806e-03
-5.452877e-04 -2.047778e-03
6.144746e-04 -2.116179e-03
-6.952431e-04 -2.159961e-03
8.056368e-04 -2.126413e-03
-8.536436e-04 -2.240592e-03
1.008006e-03 -2.063103e-03
-1.011003e-03 -2.264933e-03
-1.165406e-03 -2.236639e-03
1.184246e-03 -1.901551e-03
2.263247e-04 -1.703896e-03
3.620872e-04 -1.784246e-03
5.151164e-04 -1.866959e-03
-6.205310e-05 -1.492479e-03
6.499721e-05 -1.437743e-03
1.834669e-04 -1.476575e-03
-1.876475e-04 -1.570345e-03
-3.154509e-04 -1.671425e-03
-4.503185e-04 -1.777761e-03
-5.903091e-04 -1.877499e-03
6.864028e-04 -1.924147e-03
-7.347840e-04 -1.955510e-03
8.640923e-04 -1.844850e-03
-8.804630e-04 -1.989000e-03
1.039222e-03 -1.713885e-03
-1.025448e-03 -1.966590e-03
-1.170566e-03 -1.888223e-03
1.194381e-03 -1.545009e-03
3.040452e-04 -1.556117e-03
4.376677e-04 -1.633100e-03
5.873222e-04 -1.702260e-03
2.064202e-05 -1.269889e-03
-1.094265e-04 -1.348851e-03
1.436020e-04 -1.261412e-03
2.581525e-04 -1.332901e-03
-2.348749e-04 -1.440150e-03
-3.617531e-04 -1.538173e-03
-4.942989e-04 -1.633200e-03
-6.291964e-04 -1.708297e-03
7.500525e-04 -1.657858e-03
-7.664634e-04 -1.751624e-03
9.141744e-04 -1.536655e-03
-9.024516e-04 -1.732766e-03
1.065000e-03 -1.377820e-03
-1.040930e-03 -1.664942e-03
1.201515e-03 -1.189788e-03
3.770444e-04 -1.409683e-03
5.075699e-04 -1.481195e-03
6.545851e-04 -1.483828e-03
9.845383e-05 -1.067045e-03
-3.169359e-05 -1.120233e-03
-1.611852e-04 -1.217312e-03
2.157400e-04 -1.118159e-03
3.286768e-04 -1.199296e-03
-2.843571e-04 -1.316213e-03
-4.088014e-04 -1.410267e-03
-5.369670e-04 -1.489459e-03
-6.655346e-04 -1.540079e-03
8.065114e-04 -1.372493e-03
-7.949881e-04 -1.533481e-03
9.515074e-04 -1.230014e-03
-9.237140e-04 -1.460650e-03
1.083787e-03 -1.051596e-03
1.205866e-03 -8.325146e-04
4.455706e-04 -1.272819e-03
5.745285e-04 -1.297077e-03
7.139439e-04 -1.217798e-03
4.378976e-05 -8.913888e-04
1.697323e-04 -9.134700e-04
-9.130154e-05 -9.788821e-04
-2.165243e-04 -1.097045e-03
2.832204e-04 -9.939341e-04
3.942928e-04 -1.073405e-03
-3.354945e-04 -1.198938e-03
-4.560639e-04 -1.284318e-03
-5.788862e-04 -1.347263e-03
-6.998929e-04 -1.351770e-03
8.499241e-04 -1.090220e-03
-8.223282e-04 -1.291916e-03
9.771789e-04 -9.266144e-04
1.094882e-03 -7.234101e-04
1.208104e-03 -4.764385e-04
5.096319e-04 -1.121531e-03
6.347358e-04 -1.070529e-03
7.605623e-04 -9.606612e-04
1.161536e-04 -7.056806e-04
-2.345666e-05 -7.066082e-04
2.363700e-04 -7.929969e-04
-1.573882e-04 -8.602531e-04
-2.742441e-04 -9.869351e-04
3.459671e-04 -8.835007e-04
4.540309e-04 -9.562089e-04
-3.869002e-04 -1.086537e-03
-5.018301e-04 -1.162001e-03
-6.181861e-04 -1.193050e-03
-7.327962e-04 -1.137692e-03
8.802078e-04 -8.133565e-04
9.927565e-04 -6.268983e-04
1.100795e-03 -3.987136e-04
1.208859e-03 -1.239260e-04
5.663705e-04 -9.333876e-04
6.812794e-04 -8.391660e-04
7.926648e-04 -7.101387e-04
5.219871e-05 -4.792773e-04
1.893024e-04 -5.720500e-04
3.014023e-04 -6.891124e-04
-2.241661e-04 -7.721318e-04
-3.306223e-04 -8.932853e-04
4.037110e-04 -7.837669e-04
5.066599e-04 -8.159089e-04
-4.365002e-04 -9.802719e-04
8.990227e-04 -5.410096e-04
1.001645e-03 -3.322056e-04
1.102732e-03 -8.064100e-05
1.209530e-03 2.256956e-04
6.107539e-04 -7.343481e-04
7.131413e-04 -6.168403e-04
8.129416e-04 -4.643192e-04
1.441548e-04 -2.874476e-04
2.640908e-04 -4.776578e-04
3.626954e-04 -6.124176e-04
-2.846567e-04 -7.034598e-04
-3.820997e-04 -8.084952e-04
4.545344e-04 -6.995661e-04
5.480793e-04 -6.492262e-04
9.101295e-04 -2.739076e-04
1.005409e-03 -4.486877e-05
1.104698e-03 2.319454e-04
1.210974e-03 5.748911e-04
6.406922e-04 -5.371028e-04
7.339748e-04 -3.971109e-04
8.263239e-04 -2.230285e-04
2.358767e-04 -1.814468e-04
3.361809e-04 -4.248248e-04
4.169098e-04 -5.630197e-04
-3.374529e-04 -6.486512e-04
4.943726e-04 -5.827318e-04
5.761017e-04 -4.760844e-04
9.159915e-04 -1.395828e-05
1.008649e-03 2.368265e-04
1.108473e-03 5.426710e-04
1.211291e-03 9.270472e-04
6.617774e-04 -3.400950e-04
7.495240e-04 -1.775949e-04
8.342924e-04 1.368815e-05
3.239272e-04 -1.677071e-04
2.396527e-04 1.159758e-04
4.005549e-04 -4.072250e-04
4.562750e-04 -5.301770e-04
5.168358e-04 -4.319886e-04
5.951746e-04 -2.948338e-04
9.203987e-04 2.409059e-04
1.014017e-03 5.165175e-04
1.109931e-03 8.590418e-04
1.210041e-03 1.281435e-03
6.787836e-04 -1.390002e-04
7.589363e-04 3.794095e-05
8.392207e-04 2.444650e-04
3.402308e-04 6.531588e-05
4.002178e-04 -1.924568e-04
2.798329e-04 3.512910e-04
3.029170e-04 1.407580e-04
4.593778e-04 -4.104427e-04
5.317616e-04 -2.605751e-04
6.130678e-04 -1.062252e-04
9.266437e-04 4.940578e-04
1.016207e-03 8.031100e-04
1.106518e-03 1.181035e-03
1.207376e-03 1.636956e-03
6.891633e-04 6.013404e-05
7.639136e-04 2.481415e-04
8.453659e-04 4.748128e-04
3.731674e-04 2.225381e-04
3.946725e-04 7.453692e-05
4.284120e-04 -1.619499e-06
4.687734e-04 -2.313291e-04
3.302246e-04 2.657898e-04
3.276357e-04 4.481068e-04
5.506802e-04 -7.634917e-05
6.246770e-04 8.004844e-05
2.734226e-04 6.483322e-04
9.293265e-04 7.550499e-04
1.011120e-03 1.096158e-03
1.099548e-03 1.505120e-03
1.203830e-03 1.992142e-03
6.940778e-04 2.525029e-04
7.696559e-04 4.575013e-04
8.481783e-04 7.115287e-04
3.924269e-04 3.082735e-04
4.159506e-04 1.840634e-04
4.607386e-04 1.535607e-04
4.906261e-04 -4.359931e-05
3.601263e-04 3.518865e-04
3.766996e-04 4.887604e-04
3.153384e-04 5.719393e-04
5.649371e-04 1.012508e-04
6.302136e-04 2.575667e-04
2.138230e-04 7.621564e-04
3.267005e-04 8.261399e-04
9.229927e-04 1.021450e-03
1.000673e-03 1.389157e-03
1.089298e-03 1.828404e-03
1.200207e-03 2.345063e-03
6.994886e-04 4.427741e-04
7.726217e-04 6.733349e-04
8.417504e-04 9.553309e-04
4.285690e-04 2.939011e-04
3.935452e-04 3.873982e-04
4.708100e-04 2.830053e-04
5.100797e-04 1.249261e-04
3.594141e-04 6.350111e-04
4.229282e-04 5.193030e-04
5.717472e-04 2.647168e-04
6.353398e-04 4.308203e-04
2.690050e-04 9.802616e-04
3.847831e-04 9.136576e-04
9.107620e-04 1.287823e-03
9.858028e-04 1.682018e-03
1.077680e-03 2.148525e-03
1.195869e-03 2.695678e-03
7.024566e-04 6.385326e-04
7.668498e-04 8.959789e-04
8.286115e-04 1.197559e-03
4.309135e-04 3.984803e-04
4.742815e-04 4.066385e-04
5.186423e-04 2.736039e-04
4.121748e-04 6.687361e-04
4.714398e-04 5.403240e-04
5.768225e-04 4.215013e-04
6.375124e-04 6.083930e-04
3.269128e-04 1.173973e-03
3.829349e-04 1.110198e-03
4.432788e-04 9.764220e-04
4.161619e-04 7.958022e-04
8.921736e-04 1.551102e-03
9.666976e-04 1.969095e-03
1.064875e-03 2.455327e-03
1.190375e-03 3.044123e-03
6.975270e-04 8.416968e-04
7.534254e-04 1.117321e-03
8.078926e-04 1.434475e-03
5.230034e-04 4.139428e-04
4.657612e-04 6.880894e-04
5.226263e-04 5.598861e-04
5.777095e-04 5.820348e-04
6.332170e-04 7.920599e-04
3.773645e-04 1.355327e-03
4.232837e-04 1.270705e-03
4.295787e-04 1.088677e-03
4.596220e-04 8.330900e-04
4.940343e-04 1.018516e-03
8.680792e-04 1.809287e-03
9.465370e-04 2.240890e-03
1.050474e-03 2.763534e-03
6.845281e-04 1.044149e-03
7.319249e-04 1.331397e-03
7.801369e-04 1.666951e-03
5.180321e-04 7.147288e-04
5.734570e-04 7.494276e-04
6.218063e-04 9.774652e-04
4.324372e-04 1.506679e-03
4.652659e-04 1.161435e-03
4.737130e-04 1.393221e-03
5.099799e-04 8.688395e-04
5.447645e-04 1.081451e-03
8.427619e-04 2.059507e-03
9.276855e-04 2.514612e-03
6.630155e-04 1.241665e-03
7.022838e-04 1.544157e-03
7.502430e-04 1.896590e-03
5.638402e-04 9.165959e-04
6.005391e-04 1.156971e-03
4.931074e-04 1.651207e-03
5.127715e-04 1.245023e-03
5.314459e-04 1.509937e-03
8.188926e-04 2.295317e-03
6.322346e-04 1.434736e-03
6.687332e-04 1.752723e-03
7.207562e-04 2.102028e-03
5.687265e-04 1.336285e-03
5.610035e-04 1.793242e-03
5.966056e-04 1.628213e-03
6.357211e-04 1.938220e-03
