4.072614e+01
4.388420e+01
4.007202e+01
3.992324e+01
4.308784e+01
4.238790e+01
4.318042e+01
4.026266e+01
4.001422e+01
4.182836e+01
4.350812e+01
4.384040e+01
4.155556e+01
4.222346e+01
4.089346e+01
4.026512e+01
4.065561e+01
4.281411e+01
4.262831e+01
4.323815e+01
4.379656e+01
4.138467e+01
4.212550e+01
4.061652e+01
3.993217e+01
3.945043e+01
4.205998e+01
4.131641e+01
4.311103e+01
4.332502e+01
4.271658e+01
4.341319e+01
4.090555e+01
4.181362e+01
4.061952e+01
3.998162e+01
3.848094e+01
4.123168e+01
3.988625e+01
4.276355e+01
4.288769e+01
4.240633e+01
4.309741e+01
4.210876e+01
4.292914e+01
4.083091e+01
4.175004e+01
4.050481e+01
3.768361e+01
4.065625e+01
3.877890e+01
4.204356e+01
4.211295e+01
4.252752e+01
4.322652e+01
4.167447e+01
4.227495e+01
4.192890e+01
4.272632e+01
4.070178e+01
4.124281e+01
3.722893e+01
4.035401e+01
3.806245e+01
4.175664e+01
4.170459e+01
4.198582e+01
4.285342e+01
4.182685e+01
4.229054e+01
4.112559e+01
4.190069e+01
4.142551e+01
4.061089e+01
4.247934e+01
3.692515e+01
4.035301e+01
3.776467e+01
4.164071e+01
4.256397e+01
4.196050e+01
4.182997e+01
4.127901e+01
4.157859e+01
4.114508e+01
4.193008e+01
4.034461e+01
4.108228e+01
4.095643e+01
4.408893e+01
3.734653e+01
3.964705e+01
3.731767e+01
4.181111e+01
4.297971e+01
4.192306e+01
3.964638e+01
4.140602e+01
4.113172e+01
4.047953e+01
4.149978e+01
4.034949e+01
3.976553e+01
4.096209e+01
4.154073e+01
4.703896e+01
3.994255e+01
3.904969e+01
4.204804e+01
4.105929e+01
4.227344e+01
4.245616e+01
4.124146e+01
4.091838e+01
4.057014e+01
4.174908e+01
3.968157e+01
3.949198e+01
3.948209e+01
4.094711e+01
4.254689e+01
4.860921e+01
4.018564e+01
4.158884e+01
4.104589e+01
4.277348e+01
4.237250e+01
4.159890e+01
4.241698e+01
4.064653e+01
4.123770e+01
3.937297e+01
3.876793e+01
3.918926e+01
3.932950e+01
4.112242e+01
4.409094e+01
4.810371e+01
4.109503e+01
4.150255e+01
4.291305e+01
4.300236e+01
4.225313e+01
4.301333e+01
4.136708e+01
3.945633e+01
3.835298e+01
3.854236e+01
3.871649e+01
3.929542e+01
4.166457e+01
4.483974e+01
4.653404e+01
4.152985e+01
4.251415e+01
4.266502e+01
4.286831e+01
4.181253e+01
4.106375e+01
3.757935e+01
3.799551e+01
3.822045e+01
3.865260e+01
3.944289e+01
4.217930e+01
4.378085e+01
4.442451e+01
4.182801e+01
4.249543e+01
4.292171e+01
4.205839e+01
4.071604e+01
4.000807e+01
3.891336e+01
3.817908e+01
3.824753e+01
3.876932e+01
3.964060e+01
4.252834e+01
4.289341e+01
4.297071e+01
4.181928e+01
4.286887e+01
4.265833e+01
4.093009e+01
3.918378e+01
3.876610e+01
3.890915e+01
3.841691e+01
3.845204e+01
3.883696e+01
4.004745e+01
4.271701e+01
4.231377e+01
4.187356e+01
4.296609e+01
4.245510e+01
4.190124e+01
3.968160e+01
3.870996e+01
3.839743e+01
3.891062e+01
3.861119e+01
3.857975e+01
3.898979e+01
4.065190e+01
4.235959e+01
4.190649e+01
4.072431e+01
4.423432e+01
4.166047e+01
4.251603e+01
4.027840e+01
3.946260e+01
3.861236e+01
3.883629e+01
3.870826e+01
3.867858e+01
3.924945e+01
4.120011e+01
4.204354e+01
4.159315e+01
4.111865e+01
4.087954e+01
4.260766e+01
4.018093e+01
3.980559e+01
3.901050e+01
3.877565e+01
3.888262e+01
3.892198e+01
3.973486e+01
4.132453e+01
4.179163e+01
4.243898e+01
3.899122e+01
4.246400e+01
3.949827e+01
4.093501e+01
3.953155e+01
3.946918e+01
3.896521e+01
3.910700e+01
3.944146e+01
4.045056e+01
4.121660e+01
4.242825e+01
3.882963e+01
3.863357e+01
3.999176e+01
3.884556e+01
3.924485e+01
3.968486e+01
3.933280e+01
3.966805e+01
4.035774e+01
4.105590e+01
4.147160e+01
3.848523e+01
3.911677e+01
3.794414e+01
3.869374e+01
3.952637e+01
3.995122e+01
4.073738e+01
4.100397e+01
4.114316e+01
3.861022e+01
3.963135e+01
4.051392e+01
4.020920e+01
4.092975e+01
4.150575e+01
4.079910e+01
3.987412e+01
4.091943e+01
4.123788e+01
4.075392e+01
4.076983e+01
4.208973e+01
4.094686e+01
4.275865e+01
4.210824e+01
4.136697e+01
4.166061e+01
4.284600e+01
4.269133e+01
4.101064e+01
4.114237e+01
4.193234e+01
4.368899e+01
4.325077e+01
4.070615e+01
4.035016e+01
4.121451e+01
4.292873e+01
4.425412e+01
4.393890e+01
3.983639e+01
4.026864e+01
3.985805e+01
4.241614e+01
4.337490e+01
4.504630e+01
4.252269e+01
4.024581e+01
4.122480e+01
3.880350e+01
4.134921e+01
4.252935e+01
4.462942e+01
4.469082e+01
4.166524e+01
4.138355e+01
4.056662e+01
3.882909e+01
4.012632e+01
4.155484e+01
4.415944e+01
4.528229e+01
4.341135e+01
4.205468e+01
4.097789e+01
3.969901e+01
4.010061e+01
3.909466e+01
4.055487e+01
4.374650e+01
4.468643e+01
4.420919e+01
4.374170e+01
4.166623e+01
4.035107e+01
3.915897e+01
3.859877e+01
3.893704e+01
3.972755e+01
4.341723e+01
4.401333e+01
4.492875e+01
4.362918e+01
4.318334e+01
4.122679e+01
4.005933e+01
4.393274e+01
3.787462e+01
4.336073e+01
4.352181e+01
4.366388e+01
4.418777e+01
4.410797e+01
4.266250e+01
4.252501e+01
4.078714e+01
4.050886e+01
4.401757e+01
4.375115e+01
4.374432e+01
4.381742e+01
4.359468e+01
4.320677e+01
4.320433e+01
4.169076e+01
4.199299e+01
4.064260e+01
4.145845e+01
4.301311e+01
4.321098e+01
4.306493e+01
4.290958e+01
4.319421e+01
4.260895e+01
4.255031e+01
4.196829e+01
4.078236e+01
4.167829e+01
4.091633e+01
4.253069e+01
4.107490e+01
4.249081e+01
4.379149e+01
4.301950e+01
4.087178e+01
4.183378e+01
4.221112e+01
4.125844e+01
4.107950e+01
4.032255e+01
4.172248e+01
4.119143e+01
4.409073e+01
3.966668e+01
4.219010e+01
4.314846e+01
4.131172e+01
3.925963e+01
4.112502e+01
4.075370e+01
4.039668e+01
4.062539e+01
4.020909e+01
4.158763e+01
4.173607e+01
4.686530e+01
3.816644e+01
4.361207e+01
3.998414e+01
4.189436e+01
4.005324e+01
3.943718e+01
3.998297e+01
4.020470e+01
4.039714e+01
4.012633e+01
4.134315e+01
4.259999e+01
4.850290e+01
3.924108e+01
4.338654e+01
4.269053e+01
4.238001e+01
4.136635e+01
3.918604e+01
4.012486e+01
4.010264e+01
4.019364e+01
3.988915e+01
4.139907e+01
4.389391e+01
4.813898e+01
4.056673e+01
4.388227e+01
4.332156e+01
4.222039e+01
4.395350e+01
3.990116e+01
4.024098e+01
3.993242e+01
3.976323e+01
3.978602e+01
4.174703e+01
4.471459e+01
4.654887e+01
4.122797e+01
4.295270e+01
4.309147e+01
4.253615e+01
4.324243e+01
4.042682e+01
4.023581e+01
3.965068e+01
3.941198e+01
3.980265e+01
4.217432e+01
4.374565e+01
4.437195e+01
4.139517e+01
4.258602e+01
4.251143e+01
4.220433e+01
4.309329e+01
4.061267e+01
4.004172e+01
3.930899e+01
3.922998e+01
3.999932e+01
4.241035e+01
4.281790e+01
4.296433e+01
4.124283e+01
4.193225e+01
4.153105e+01
4.190214e+01
4.240379e+01
4.052872e+01
3.956101e+01
3.910351e+01
3.921423e+01
4.025833e+01
4.261801e+01
4.216691e+01
4.178653e+01
4.094678e+01
4.115636e+01
4.068422e+01
4.156259e+01
4.180475e+01
4.021960e+01
3.913894e+01
3.908028e+01
3.933360e+01
4.070307e+01
4.246476e+01
4.165141e+01
4.095002e+01
4.026798e+01
3.949704e+01
4.073445e+01
4.064543e+01
4.092584e+01
3.954472e+01
3.898799e+01
3.931909e+01
3.970121e+01
4.127060e+01
4.223318e+01
4.142908e+01
4.109610e+01
3.936731e+01
3.995489e+01
3.938935e+01
4.058940e+01
4.124551e+01
3.909596e+01
3.931495e+01
3.971869e+01
4.039832e+01
4.135056e+01
4.189399e+01
4.209200e+01
3.839840e+01
3.919820e+01
3.952713e+01
3.761172e+01
4.049106e+01
4.090820e+01
3.934398e+01
3.952936e+01
4.018401e+01
4.096740e+01
4.106559e+01
4.237846e+01
3.930480e+01
4.050734e+01
4.097823e+01
4.143486e+01
4.143861e+01
