4.098709e+01
4.283307e+01
4.108307e+01
4.247049e+01
4.283768e+01
4.033677e+01
4.175584e+01
4.273292e+01
4.327270e+01
3.961484e+01
4.202228e+01
4.222090e+01
4.308093e+01
4.368340e+01
3.953119e+01
4.177403e+01
4.211633e+01
4.259605e+01
4.322286e+01
4.456559e+01
4.005663e+01
4.176369e+01
4.187904e+01
4.173425e+01
4.210981e+01
4.248748e+01
4.343566e+01
4.503823e+01
4.032333e+01
4.120212e+01
4.168894e+01
4.222202e+01
4.147668e+01
4.172179e+01
4.241949e+01
4.324262e+01
4.459625e+01
4.019161e+01
4.053300e+01
4.122679e+01
4.103117e+01
4.072059e+01
4.096279e+01
4.102914e+01
4.162162e+01
4.174759e+01
4.272689e+01
4.393085e+01
4.055708e+01
3.914919e+01
3.958902e+01
4.057100e+01
3.981668e+01
3.996704e+01
4.035883e+01
4.095510e+01
4.076194e+01
4.117095e+01
4.288253e+01
4.339117e+01
4.087229e+01
3.867151e+01
3.767977e+01
3.980836e+01
3.895092e+01
3.930149e+01
3.979298e+01
4.051313e+01
3.988955e+01
4.001122e+01
4.195294e+01
4.284067e+01
4.312938e+01
4.057043e+01
3.945084e+01
3.950907e+01
3.634134e+01
3.736472e+01
3.873221e+01
3.932066e+01
4.022007e+01
3.921720e+01
3.895738e+01
4.119903e+01
4.220880e+01
4.266085e+01
4.316895e+01
4.001525e+01
4.080404e+01
3.974473e+01
3.689620e+01
3.858787e+01
3.893128e+01
4.032793e+01
3.862386e+01
3.802525e+01
4.051292e+01
4.175028e+01
4.194729e+01
4.261981e+01
4.331721e+01
3.949380e+01
4.281348e+01
4.011735e+01
3.739214e+01
3.889518e+01
3.851908e+01
4.117237e+01
3.805241e+01
3.715992e+01
3.987358e+01
4.140473e+01
4.147784e+01
4.185283e+01
4.257063e+01
4.365573e+01
3.915799e+01
4.106763e+01
4.433108e+01
3.796140e+01
3.912419e+01
3.835937e+01
4.035867e+01
3.779835e+01
3.661405e+01
3.929212e+01
4.123361e+01
4.070313e+01
4.157277e+01
4.184031e+01
4.273289e+01
4.301091e+01
3.944761e+01
4.257450e+01
3.955171e+01
4.468072e+01
3.887636e+01
3.862263e+01
3.859269e+01
3.702699e+01
3.637828e+01
3.911455e+01
4.127455e+01
4.003491e+01
4.102864e+01
4.165158e+01
4.148719e+01
4.189724e+01
4.224754e+01
4.169337e+01
4.361544e+01
4.005270e+01
3.807649e+01
4.558235e+01
4.007545e+01
3.772868e+01
3.656422e+01
3.635127e+01
3.943504e+01
4.147618e+01
3.911281e+01
4.063741e+01
4.128042e+01
4.162694e+01
4.097507e+01
4.182414e+01
4.205037e+01
4.292075e+01
3.964764e+01
4.320525e+01
3.927802e+01
3.851444e+01
4.544722e+01
3.718872e+01
3.663802e+01
4.008639e+01
4.039782e+01
3.840187e+01
3.998835e+01
4.116089e+01
4.132467e+01
4.137706e+01
4.115793e+01
4.197561e+01
4.225146e+01
4.412251e+01
3.921302e+01
3.942371e+01
4.281638e+01
4.204783e+01
3.975427e+01
4.338085e+01
4.038932e+01
3.880915e+01
3.796764e+01
3.985774e+01
4.109453e+01
4.098077e+01
4.095880e+01
4.146244e+01
4.132563e+01
4.224908e+01
4.265582e+01
4.592120e+01
4.041827e+01
3.905939e+01
3.999295e+01
4.228637e+01
4.309498e+01
4.187158e+01
4.158596e+01
3.888711e+01
3.881271e+01
3.829813e+01
4.052325e+01
4.119625e+01
4.043464e+01
4.052616e+01
4.066640e+01
4.099404e+01
4.149197e+01
4.257634e+01
4.332200e+01
4.774135e+01
4.201349e+01
3.980529e+01
4.237928e+01
4.240327e+01
4.158952e+01
4.150085e+01
4.201301e+01
4.152468e+01
4.112734e+01
3.984696e+01
3.970077e+01
4.039564e+01
3.996345e+01
4.061465e+01
4.165817e+01
4.301792e+01
4.411331e+01
4.920262e+01
4.142672e+01
4.010560e+01
4.117785e+01
3.928551e+01
4.198941e+01
4.111127e+01
4.100416e+01
4.100900e+01
3.892191e+01
3.861584e+01
4.015734e+01
3.963586e+01
3.944961e+01
4.031903e+01
4.193569e+01
4.348914e+01
4.526833e+01
5.085045e+01
4.277076e+01
4.144966e+01
4.165858e+01
4.047394e+01
4.423912e+01
3.785191e+01
3.777463e+01
3.815810e+01
3.716615e+01
3.866201e+01
3.998649e+01
3.909482e+01
3.911942e+01
4.006923e+01
4.188991e+01
4.404831e+01
4.681706e+01
5.110955e+01
4.192562e+01
4.112715e+01
4.358832e+01
4.127983e+01
3.965216e+01
3.631927e+01
3.512541e+01
3.613707e+01
3.724299e+01
3.937745e+01
3.948290e+01
3.872139e+01
3.887272e+01
3.975991e+01
4.138282e+01
4.424321e+01
4.554689e+01
4.897073e+01
4.365391e+01
4.284171e+01
4.262694e+01
4.307225e+01
4.234622e+01
4.099627e+01
3.632084e+01
3.655361e+01
3.830963e+01
4.014518e+01
3.907765e+01
3.843314e+01
3.866929e+01
3.954706e+01
4.082961e+01
4.314765e+01
4.358497e+01
4.653103e+01
4.296214e+01
4.131878e+01
4.137417e+01
4.129047e+01
4.197292e+01
4.097426e+01
3.847269e+01
3.987167e+01
4.014428e+01
3.873529e+01
3.830402e+01
3.861665e+01
3.938836e+01
4.034852e+01
4.215177e+01
4.241332e+01
4.443107e+01
4.137391e+01
4.184622e+01
4.044685e+01
4.041060e+01
4.042176e+01
4.077186e+01
3.980375e+01
3.855213e+01
3.824640e+01
3.855956e+01
3.922192e+01
3.991535e+01
4.144819e+01
4.168881e+01
4.239956e+01
4.001616e+01
4.044939e+01
4.125374e+01
3.970045e+01
3.958146e+01
3.967470e+01
3.837963e+01
3.827020e+01
3.853755e+01
3.903769e+01
3.960769e+01
4.117713e+01
4.158486e+01
4.021306e+01
3.964076e+01
4.018547e+01
3.953494e+01
4.041544e+01
3.942925e+01
3.821306e+01
3.843261e+01
3.855495e+01
3.883416e+01
3.957195e+01
4.117723e+01
4.180693e+01
3.843048e+01
3.925441e+01
3.822650e+01
3.976624e+01
3.971672e+01
3.912041e+01
3.791817e+01
3.883253e+01
3.794200e+01
3.885281e+01
3.958658e+01
4.117253e+01
4.210797e+01
3.881045e+01
3.860006e+01
3.968027e+01
3.911606e+01
3.928626e+01
3.761993e+01
3.983776e+01
3.874632e+01
3.802180e+01
3.907505e+01
3.972691e+01
4.139954e+01
3.875568e+01
3.902103e+01
4.017687e+01
3.848978e+01
3.961465e+01
4.015405e+01
4.959383e+01
4.681795e+01
5.097364e+01
4.851347e+01
4.425461e+01
4.491157e+01
4.640296e+01
5.057913e+01
4.734293e+01
4.104831e+01
4.401011e+01
4.326507e+01
4.377216e+01
4.440528e+01
4.868625e+01
4.591481e+01
3.930864e+01
4.181027e+01
4.037636e+01
4.326276e+01
4.253744e+01
4.310946e+01
4.311220e+01
4.667431e+01
4.418377e+01
3.983991e+01
3.905335e+01
3.748947e+01
4.195773e+01
4.015787e+01
4.289208e+01
4.208186e+01
4.261053e+01
4.230094e+01
4.458430e+01
4.303094e+01
3.909754e+01
4.042405e+01
3.843607e+01
3.941014e+01
4.184190e+01
4.028309e+01
4.254140e+01
4.189595e+01
4.222751e+01
4.175667e+01
4.275454e+01
4.150672e+01
3.924204e+01
3.739367e+01
4.104845e+01
3.851085e+01
3.907954e+01
3.991977e+01
4.179148e+01
4.043697e+01
4.219576e+01
4.184887e+01
4.205141e+01
4.171309e+01
4.094818e+01
3.941143e+01
3.920315e+01
3.988426e+01
4.156409e+01
3.865119e+01
3.929368e+01
3.969283e+01
4.034268e+01
4.169788e+01
4.052110e+01
4.194044e+01
4.190239e+01
4.231895e+01
4.185198e+01
3.931640e+01
3.869751e+01
3.982786e+01
4.058763e+01
4.177399e+01
3.983206e+01
3.949298e+01
3.992988e+01
3.992431e+01
4.048625e+01
4.150304e+01
4.034599e+01
4.154983e+01
4.179397e+01
4.314724e+01
4.207540e+01
3.889676e+01
3.928982e+01
4.038383e+01
4.121006e+01
4.178016e+01
3.996315e+01
4.067959e+01
3.985707e+01
3.985015e+01
3.986921e+01
4.026591e+01
4.128663e+01
4.020770e+01
4.171998e+01
4.171036e+01
4.365261e+01
4.221662e+01
3.924716e+01
4.008566e+01
4.084961e+01
4.147051e+01
4.162118e+01
4.017680e+01
4.068805e+01
4.090254e+01
3.968535e+01
3.991354e+01
3.976988e+01
4.020454e+01
4.125216e+01
4.023085e+01
4.213772e+01
4.162146e+01
4.339797e+01
4.257878e+01
4.014375e+01
4.125600e+01
4.101699e+01
4.134512e+01
4.153172e+01
4.063460e+01
4.011440e+01
4.099891e+01
4.082246e+01
3.975732e+01
3.995298e+01
3.983305e+01
4.045053e+01
4.126018e+01
4.051357e+01
4.243838e+01
4.186469e+01
4.327539e+01
4.276743e+01
4.218230e+01
4.089027e+01
4.110444e+01
4.125115e+01
4.093966e+01
4.066780e+01
4.005153e+01
4.079474e+01
4.056944e+01
3.992528e+01
4.019969e+01
4.000337e+01
4.061561e+01
4.152046e+01
4.106436e+01
4.271626e+01
4.219018e+01
4.348831e+01
4.122416e+01
4.061930e+01
4.079382e+01
4.103538e+01
4.096202e+01
4.087310e+01
4.058180e+01
3.999164e+01
4.049723e+01
4.043251e+01
3.999277e+01
4.036493e+01
4.013486e+01
4.119670e+01
4.201722e+01
4.160457e+01
4.328394e+01
4.365263e+01
4.080200e+01
4.026943e+01
4.041737e+01
4.194518e+01
4.144559e+01
4.069978e+01
4.075484e+01
3.980802e+01
3.972987e+01
4.043887e+01
4.038107e+01
4.000566e+01
4.046564e+01
4.082145e+01
4.183977e+01
4.292384e+01
4.366051e+01
4.436540e+01
4.031025e+01
3.964270e+01
4.166944e+01
4.321741e+01
4.348305e+01
4.196098e+01
4.101072e+01
3.868962e+01
3.935721e+01
4.077625e+01
3.936417e+01
3.984649e+01
4.342613e+01
4.403574e+01
4.510208e+01
3.912007e+01
4.103096e+01
4.352452e+01
4.337024e+01
4.505384e+01
4.271119e+01
4.106642e+01
3.789968e+01
3.910753e+01
3.964712e+01
4.004608e+01
4.346627e+01
4.367375e+01
4.457526e+01
3.951075e+01
4.383268e+01
4.329731e+01
4.285767e+01
4.492074e+01
4.272111e+01
3.982877e+01
3.752918e+01
3.925691e+01
4.299489e+01
4.244554e+01
4.264061e+01
4.466295e+01
3.974951e+01
4.340396e+01
4.238976e+01
4.150170e+01
4.406867e+01
4.321752e+01
4.284087e+01
3.833592e+01
4.212200e+01
4.336012e+01
4.106078e+01
4.316441e+01
4.361564e+01
4.020862e+01
4.203897e+01
4.085545e+01
3.990259e+01
4.196954e+01
4.344633e+01
4.008439e+01
3.913458e+01
4.353141e+01
4.380786e+01
4.205255e+01
4.167090e+01
4.317135e+01
4.297942e+01
4.032448e+01
4.019310e+01
3.898639e+01
4.049316e+01
3.840308e+01
3.995308e+01
4.331412e+01
4.332102e+01
3.830233e+01
3.935161e+01
4.261565e+01
3.968461e+01
4.372608e+01
4.238726e+01
4.289814e+01
4.262668e+01
3.975000e+01
3.807653e+01
3.956012e+01
4.167605e+01
3.557308e+01
3.944764e+01
3.933304e+01
4.266383e+01
3.617104e+01
3.890263e+01
4.057190e+01
3.912586e+01
3.726209e+01
4.300686e+01
4.276591e+01
4.245837e+01
4.254678e+01
4.254169e+01
3.890643e+01
3.868341e+01
4.113084e+01
4.211422e+01
3.542909e+01
3.586167e+01
3.547842e+01
3.895878e+01
4.186683e+01
4.018142e+01
3.646908e+01
3.782359e+01
4.491824e+01
4.034157e+01
4.206354e+01
4.219091e+01
4.254852e+01
3.811992e+01
4.063031e+01
4.186719e+01
4.190963e+01
3.596704e+01
3.625607e+01
3.580797e+01
4.181803e+01
4.002864e+01
3.712214e+01
4.004650e+01
4.086303e+01
3.960357e+01
3.965320e+01
4.027292e+01
4.155431e+01
4.189839e+01
4.231653e+01
3.797366e+01
4.182184e+01
4.170496e+01
4.151812e+01
3.663072e+01
4.134543e+01
3.989301e+01
3.980636e+01
4.169961e+01
3.982806e+01
3.950189e+01
3.868465e+01
4.202138e+01
4.014827e+01
4.114054e+01
4.149628e+01
4.255557e+01
4.184280e+01
4.128747e+01
4.122170e+01
4.187218e+01
4.192657e+01
4.178581e+01
3.921266e+01
4.022743e+01
3.984395e+01
4.221748e+01
4.094067e+01
4.076110e+01
4.181126e+01
4.140182e+01
4.089636e+01
4.086364e+01
4.214375e+01
4.111610e+01
3.929471e+01
4.100622e+01
4.015813e+01
4.043685e+01
4.110468e+01
4.025968e+01
4.034959e+01
4.111109e+01
3.942458e+01
4.035087e+01
3.947137e+01
